Generation: 0:
 Best_position=[1.26, 0.24, 1.3, 32.0] | Best_fitness=654.19 | Average_fitness=721.85 | Fitness_value=[728.18, 674.9, 696.61, 699.17, 708.77, 654.19, 733.74, 710.83, 754.12, 731.43, 707.67, 729.64, 712.76, 775.23, 756.61, 759.56, 702.13, 736.89, 719.04, 745.54]

Generation: 1:
 Best_position=[1.92, 0.24, 4.04, 36.57] | Best_fitness=664.55 | Average_fitness=720.82 | Fitness_value=[726.4, 664.55, 688.67, 701.97, 713.46, 674.6, 726.18, 725.93, 757.98, 727.76, 761.41, 700.16, 721.57, 750.77, 758.88, 714.93, 690.77, 753.45, 728.63, 728.24]

Generation: 2:
 Best_position=[1.28, 0.24, 1.35, 32.09] | Best_fitness=656.15 | Average_fitness=720.17 | Fitness_value=[718.79, 692.82, 682.49, 709.21, 718.45, 656.15, 708.19, 715.54, 780.26, 718.99, 709.87, 729.96, 706.79, 751.46, 775.64, 745.35, 705.97, 740.09, 713.13, 724.29]

Generation: 3:
 Best_position=[1.28, 0.24, 1.39, 32.15] | Best_fitness=662.94 | Average_fitness=716.65 | Fitness_value=[722.38, 692.84, 677.68, 702.11, 714.45, 662.94, 719.41, 707.53, 760.46, 716.26, 693.55, 727.79, 700.17, 747.74, 776.49, 735.87, 686.46, 753.53, 716.49, 718.76]

Generation: 4:
 Best_position=[1.32, 0.43, 1.5, 34.8] | Best_fitness=653.59 | Average_fitness=707.63 | Fitness_value=[721.59, 687.97, 664.74, 720.57, 705.13, 668.59, 706.79, 693.02, 729.58, 717.41, 678.98, 738.29, 704.6, 733.64, 744.6, 733.96, 653.59, 734.31, 704.83, 710.35]

Generation: 5:
 Best_position=[1.34, 0.39, 1.58, 34.41] | Best_fitness=654.99 | Average_fitness=706.58 | Fitness_value=[711.4, 692.65, 666.39, 721.19, 698.9, 682.56, 702.35, 678.36, 744.34, 714.43, 677.33, 712.58, 699.51, 740.89, 744.67, 735.25, 654.99, 742.53, 709.11, 702.2]

Generation: 6:
 Best_position=[1.35, 0.36, 1.65, 34.1] | Best_fitness=650.14 | Average_fitness=693.5 | Fitness_value=[711.63, 710.53, 655.26, 700.07, 685.19, 662.56, 678.59, 663.96, 721.92, 707.83, 689.9, 711.8, 687.16, 691.64, 727.51, 714.71, 650.14, 734.64, 679.09, 685.93]

Generation: 7:
 Best_position=[1.3, 0.52, 1.95, 32.14] | Best_fitness=656.41 | Average_fitness=683.24 | Fitness_value=[706.24, 680.48, 656.41, 677.24, 670.69, 675.44, 667.8, 671.43, 685.62, 696.09, 678.55, 698.19, 675.97, 678.73, 704.72, 736.54, 658.65, 683.79, 674.18, 687.99]

Generation: 8:
 Best_position=[1.5, 0.2, 1.89, 35.56] | Best_fitness=627.18 | Average_fitness=672.93 | Fitness_value=[696.13, 668.48, 645.41, 674.85, 672.91, 668.01, 663.95, 627.18, 689.89, 713.47, 658.08, 696.23, 675.29, 671.33, 686.45, 729.76, 633.89, 671.66, 639.09, 676.46]

Generation: 9:
 Best_position=[1.22, 0.34, 1.16, 32.72] | Best_fitness=613.55 | Average_fitness=666.97 | Fitness_value=[676.18, 613.55, 673.49, 656.87, 654.92, 666.42, 681.48, 697.94, 667.07, 694.29, 668.15, 642.24, 694.59, 701.78, 667.95, 652.73, 635.33, 660.5]

Generation: 10:
 Best_position=[1.42, 0.2, 1.52, 34.75] | Best_fitness=595.97 | Average_fitness=661.02 | Fitness_value=[660.2, 672.98, 595.97, 655.24, 657.78, 667.86, 660.58, 642.76, 670.31, 699.81, 638.51, 693.24, 659.03, 642.94, 683.71, 695.2, 655.37, 665.65, 639.95, 663.4]

Generation: 11:
 Best_position=[1.44, 0.2, 1.39, 35.36] | Best_fitness=624.26 | Average_fitness=655.0 | Fitness_value=[638.15, 682.03, 624.26, 646.84, 628.85, 649.52, 651.22, 648.29, 648.5, 684.65, 672.47, 682.07, 640.64, 641.96, 675.24, 676.63, 653.44, 673.89, 626.33, 655.02]

Generation: 12:
 Best_position=[1.46, 0.2, 1.3, 35.77] | Best_fitness=601.35 | Average_fitness=648.84 | Fitness_value=[630.95, 674.56, 601.35, 657.39, 620.57, 649.5, 642.04, 660.94, 621.48, 698.05, 647.73, 670.15, 625.22, 641.41, 680.98, 675.17, 646.26, 662.91, 641.51, 628.76]

Generation: 13:
 Best_position=[1.47, 0.2, 1.22, 36.14] | Best_fitness=600.13 | Average_fitness=641.35 | Fitness_value=[613.65, 658.94, 600.13, 629.08, 630.29, 662.39, 641.8, 659.53, 610.09, 661.71, 662.73, 646.97, 603.06, 626.22, 672.17, 663.67, 670.64, 646.94, 628.19, 638.73]

Generation: 14:
 Best_position=[1.41, 0.23, 1.57, 34.46] | Best_fitness=604.27 | Average_fitness=640.52 | Fitness_value=[609.3, 658.04, 605.06, 616.37, 648.36, 659.1, 627.16, 653.33, 613.11, 681.13, 673.79, 638.79, 604.27, 628.11, 671.27, 666.89, 631.85, 654.61, 633.26, 636.6]

Generation: 15:
 Best_position=[1.48, 0.2, 1.18, 36.33] | Best_fitness=596.95 | Average_fitness=641.19 | Fitness_value=[621.39, 683.35, 596.95, 644.9, 640.7, 653.22, 631.38, 648.88, 601.81, 680.22, 654.56, 637.47, 599.44, 638.02, 678.49, 649.77, 629.83, 654.81, 627.95, 650.63]

Generation: 16:
 Best_position=[1.32, 0.2, 1.35, 34.35] | Best_fitness=602.53 | Average_fitness=635.64 | Fitness_value=[624.04, 661.84, 607.23, 634.71, 638.18, 639.31, 627.99, 653.89, 602.53, 666.97, 645.74, 634.71, 612.22, 640.9, 659.97, 652.11, 609.78, 641.22, 622.07, 637.34]

Generation: 17:
 Best_position=[1.48, 0.2, 1.36, 35.24] | Best_fitness=601.34 | Average_fitness=637.17 | Fitness_value=[622.99, 659.66, 616.6, 622.02, 634.64, 640.15, 629.48, 648.85, 618.91, 658.73, 645.8, 632.25, 601.34, 631.6, 666.16, 645.18, 627.52, 664.59, 638.92, 637.93]

Generation: 18:
 Best_position=[1.49, 0.2, 1.32, 35.4] | Best_fitness=604.52 | Average_fitness=636.11 | Fitness_value=[628.02, 656.01, 610.21, 629.99, 652.22, 634.11, 629.23, 643.14, 607.27, 663.17, 640.31, 637.03, 604.52, 633.23, 648.39, 632.46, 632.93, 658.83, 631.08, 650.11]

Generation: 19:
 Best_position=[1.35, 0.2, 1.3, 34.79] | Best_fitness=589.14 | Average_fitness=633.6 | Fitness_value=[623.07, 652.8, 623.62, 618.78, 630.23, 650.41, 620.95, 655.63, 589.14, 659.45, 620.25, 625.17, 596.81, 636.81, 660.85, 645.91, 618.93, 651.74, 637.26, 654.19]

Generation: 20:
 Best_position=[1.51, 0.2, 1.25, 35.63] | Best_fitness=606.8 | Average_fitness=637.58 | Fitness_value=[623.21, 654.92, 615.04, 627.74, 654.92, 650.8, 627.16, 666.24, 608.27, 651.87, 643.74, 639.73, 606.8, 645.34, 654.88, 644.17, 612.72, 657.4, 621.55, 645.17]

Generation: 21:
 Best_position=[1.44, 0.2, 1.26, 35.56] | Best_fitness=601.34 | Average_fitness=636.39 | Fitness_value=[626.87, 657.61, 601.34, 628.41, 654.29, 639.29, 630.37, 640.64, 610.21, 662.36, 656.37, 646.17, 605.5, 642.3, 650.94, 647.14, 602.36, 640.65, 626.4, 658.52]

Generation: 22:
 Best_position=[1.39, 0.2, 1.28, 35.13] | Best_fitness=592.19 | Average_fitness=636.17 | Fitness_value=[622.42, 645.75, 612.02, 630.35, 648.29, 643.23, 627.79, 637.27, 592.19, 659.57, 652.73, 643.76, 608.08, 640.89, 665.1, 639.44, 608.69, 653.29, 642.99, 649.56]

Generation: 23:
 Best_position=[1.45, 0.2, 1.31, 35.27] | Best_fitness=603.54 | Average_fitness=638.1 | Fitness_value=[627.12, 655.09, 618.35, 631.6, 648.32, 640.05, 632.08, 638.01, 608.44, 659.69, 658.42, 647.35, 613.0, 647.34, 651.96, 654.04, 603.54, 645.84, 629.21, 652.56]

Generation: 24:
 Best_position=[1.45, 0.2, 1.28, 35.4] | Best_fitness=593.99 | Average_fitness=632.32 | Fitness_value=[623.75, 649.17, 611.17, 626.7, 625.47, 646.61, 628.86, 636.97, 617.02, 658.09, 607.7, 645.02, 604.1, 653.73, 649.03, 649.92, 593.99, 652.56, 622.64, 643.82]

Generation: 25:
 Best_position=[1.45, 0.2, 1.27, 35.49] | Best_fitness=598.37 | Average_fitness=632.67 | Fitness_value=[624.63, 650.01, 599.75, 624.81, 653.23, 646.95, 622.57, 616.34, 601.85, 661.72, 633.37, 646.04, 607.53, 647.23, 661.46, 631.09, 598.37, 659.92, 634.21, 632.33]

Generation: 26:
 Best_position=[1.45, 0.2, 1.26, 35.5] | Best_fitness=596.73 | Average_fitness=633.46 | Fitness_value=[629.28, 646.79, 607.76, 634.29, 651.97, 657.97, 621.66, 612.16, 596.73, 658.78, 645.79, 628.71, 607.18, 648.82, 653.26, 629.91, 611.2, 656.48, 627.87, 642.53]

Generation: 27:
 Best_position=[1.42, 0.2, 1.31, 34.64] | Best_fitness=597.55 | Average_fitness=628.9 | Fitness_value=[644.42, 605.51, 635.6, 616.94, 642.27, 634.12, 613.38, 597.55, 661.14, 605.55, 631.0, 606.52, 644.44, 644.09, 634.49, 601.52, 653.7, 640.15, 636.79]

Generation: 28:
 Best_position=[1.42, 0.2, 1.31, 34.65] | Best_fitness=588.86 | Average_fitness=633.72 | Fitness_value=[645.4, 605.25, 635.53, 633.5, 649.05, 626.62, 613.89, 588.86, 664.57, 632.32, 636.92, 605.1, 650.45, 641.4, 654.87, 612.46, 662.53, 639.08, 642.93]

Generation: 29:
 Best_position=[1.47, 0.2, 1.27, 35.51] | Best_fitness=594.02 | Average_fitness=633.35 | Fitness_value=[623.16, 646.38, 603.1, 641.39, 640.8, 640.18, 623.88, 636.85, 594.02, 654.1, 635.22, 628.51, 599.05, 640.87, 660.96, 647.72, 598.6, 657.96, 646.35, 647.92]

Generation: 30:
 Best_position=[1.47, 0.2, 1.27, 35.48] | Best_fitness=597.61 | Average_fitness=634.92 | Fitness_value=[622.64, 653.52, 602.35, 636.4, 651.05, 648.9, 617.47, 635.01, 597.61, 664.12, 634.16, 625.86, 603.57, 651.12, 655.59, 648.08, 612.75, 662.6, 635.21, 640.34]

Generation: 31:
 Best_position=[1.47, 0.2, 1.27, 35.45] | Best_fitness=605.55 | Average_fitness=635.18 | Fitness_value=[632.67, 649.23, 609.25, 627.5, 631.88, 653.01, 619.79, 630.37, 605.55, 662.99, 634.47, 635.47, 616.34, 648.91, 656.48, 653.47, 611.56, 653.88, 632.8, 637.96]

Generation: 32:
 Best_position=[1.47, 0.2, 1.27, 35.44] | Best_fitness=572.77 | Average_fitness=634.59 | Fitness_value=[623.38, 646.04, 613.72, 641.86, 628.01, 656.13, 626.01, 661.05, 572.77, 658.64, 636.12, 634.29, 608.32, 641.02, 649.95, 641.81, 616.94, 651.77, 643.37, 640.67]

Generation: 33:
 Best_position=[1.47, 0.2, 1.27, 35.42] | Best_fitness=595.63 | Average_fitness=634.01 | Fitness_value=[621.95, 650.68, 609.55, 622.66, 631.54, 637.83, 624.54, 643.35, 595.63, 665.94, 640.78, 645.66, 614.39, 642.31, 652.39, 650.44, 608.46, 647.22, 647.5, 627.32]

Generation: 34:
 Best_position=[1.47, 0.2, 1.28, 35.41] | Best_fitness=595.63 | Average_fitness=634.62 | Fitness_value=[619.2, 650.36, 606.73, 630.06, 637.65, 644.24, 615.54, 628.04, 595.63, 665.33, 634.89, 637.1, 625.82, 654.97, 648.71, 648.43, 612.67, 662.78, 638.54, 635.62]

Generation: 35:
 Best_position=[1.47, 0.2, 1.28, 35.41] | Best_fitness=605.85 | Average_fitness=631.08 | Fitness_value=[622.75, 646.71, 612.63, 629.4, 611.22, 639.66, 611.25, 633.46, 605.85, 667.06, 611.74, 638.3, 613.23, 651.75, 658.49, 644.99, 608.87, 658.31, 626.9, 629.1]

Generation: 36:
 Best_position=[1.47, 0.2, 1.28, 35.34] | Best_fitness=597.11 | Average_fitness=631.98 | Fitness_value=[645.55, 605.84, 632.51, 623.32, 653.79, 606.59, 630.76, 597.11, 664.92, 615.54, 629.88, 602.73, 651.82, 655.5, 652.1, 614.69, 656.84, 636.59, 631.62]

Generation: 37:
 Best_position=[1.47, 0.2, 1.28, 35.4] | Best_fitness=598.41 | Average_fitness=629.87 | Fitness_value=[621.04, 644.97, 608.0, 630.43, 625.84, 638.43, 602.59, 644.37, 598.41, 654.18, 616.16, 633.78, 602.24, 650.02, 647.56, 648.53, 612.58, 656.17, 628.56, 633.49]

Generation: 38:
 Best_position=[1.46, 0.2, 1.28, 35.34] | Best_fitness=601.78 | Average_fitness=633.4 | Fitness_value=[628.37, 651.71, 606.11, 629.38, 629.51, 633.79, 610.94, 646.34, 610.65, 663.21, 612.03, 629.55, 601.78, 644.89, 661.3, 648.01, 610.94, 647.03, 647.97, 654.49]

Generation: 39:
 Best_position=[1.47, 0.2, 1.28, 35.35] | Best_fitness=601.14 | Average_fitness=632.45 | Fitness_value=[628.43, 648.25, 606.34, 618.07, 628.82, 631.06, 615.87, 646.12, 621.58, 664.0, 613.03, 632.34, 601.14, 643.75, 652.63, 649.25, 610.93, 641.41, 641.82, 654.1]

Generation: 40:
 Best_position=[1.47, 0.2, 1.28, 35.36] | Best_fitness=601.59 | Average_fitness=630.88 | Fitness_value=[628.69, 644.52, 606.53, 625.7, 628.88, 631.8, 614.37, 633.47, 608.29, 656.32, 615.71, 632.93, 601.59, 643.77, 649.86, 650.67, 611.94, 641.33, 641.25, 649.94]

Generation: 41:
 Best_position=[1.47, 0.2, 1.29, 35.33] | Best_fitness=604.38 | Average_fitness=633.27 | Fitness_value=[630.91, 642.97, 606.56, 624.52, 629.0, 631.79, 618.02, 646.53, 662.27, 621.81, 628.59, 604.38, 642.68, 646.96, 648.83, 611.32, 641.72, 647.55, 645.62]

Generation: 42:
 Best_position=[1.47, 0.2, 1.28, 35.34] | Best_fitness=601.42 | Average_fitness=630.6 | Fitness_value=[630.81, 644.38, 609.07, 626.08, 622.93, 634.97, 619.96, 646.12, 622.47, 654.49, 623.09, 601.42, 643.36, 655.85, 611.13, 638.38, 617.91, 648.43]

Generation: 43:
 Best_position=[1.47, 0.2, 1.28, 35.35] | Best_fitness=601.43 | Average_fitness=632.49 | Fitness_value=[628.71, 648.3, 606.86, 622.9, 622.7, 632.82, 616.77, 646.1, 647.83, 617.65, 631.24, 601.43, 643.48, 656.22, 647.27, 611.88, 642.51, 642.33, 650.25]

Generation: 44:
 Best_position=[1.47, 0.2, 1.28, 35.36] | Best_fitness=597.59 | Average_fitness=630.92 | Fitness_value=[629.75, 646.82, 606.72, 630.71, 617.05, 633.7, 618.46, 636.57, 597.59, 649.51, 617.69, 624.26, 611.57, 644.67, 661.01, 648.61, 614.08, 641.36, 637.95, 650.31]

Generation: 45:
 Best_position=[1.47, 0.2, 1.28, 35.35] | Best_fitness=594.48 | Average_fitness=629.86 | Fitness_value=[629.01, 644.88, 607.16, 624.08, 621.29, 633.24, 617.48, 638.64, 594.48, 647.77, 617.72, 628.23, 601.82, 641.24, 649.5, 648.63, 613.84, 647.82, 639.5, 650.93]

Generation: 46:
 Best_position=[1.47, 0.2, 1.28, 35.33] | Best_fitness=606.04 | Average_fitness=632.82 | Fitness_value=[628.24, 644.62, 606.04, 625.11, 628.75, 636.07, 620.04, 649.45, 610.35, 653.11, 616.21, 627.73, 611.6, 643.15, 662.52, 647.42, 614.21, 650.58, 638.52, 642.64]

Generation: 47:
 Best_position=[1.47, 0.2, 1.28, 35.34] | Best_fitness=607.57 | Average_fitness=632.89 | Fitness_value=[629.15, 643.41, 607.57, 626.09, 628.75, 634.81, 621.73, 646.75, 611.5, 650.98, 616.23, 628.81, 611.61, 644.73, 660.02, 647.1, 612.38, 650.88, 642.33, 643.06]

Generation: 48:
 Best_position=[1.47, 0.2, 1.28, 35.35] | Best_fitness=602.06 | Average_fitness=632.13 | Fitness_value=[627.61, 642.53, 611.46, 626.95, 627.84, 638.76, 618.86, 646.99, 605.22, 650.38, 616.24, 630.24, 602.06, 643.24, 659.42, 646.8, 612.38, 651.0, 641.76, 642.82]

Generation: 49:
 Best_position=[1.47, 0.2, 1.28, 35.35] | Best_fitness=606.64 | Average_fitness=632.0 | Fitness_value=[627.34, 644.27, 606.64, 626.28, 628.51, 629.89, 611.24, 646.98, 611.14, 650.08, 616.24, 629.19, 611.62, 644.5, 659.11, 647.39, 617.16, 650.86, 638.25, 643.35]

Generation: 50:
 Best_position=[1.47, 0.2, 1.28, 35.35] | Best_fitness=601.65 | Average_fitness=631.06 | Fitness_value=[630.08, 642.37, 605.79, 625.68, 622.44, 629.68, 610.96, 644.13, 610.08, 650.37, 616.24, 631.42, 601.65, 642.13, 661.22, 645.94, 616.04, 649.35, 641.36, 644.23]

Generation: 51:
 Best_position=[1.47, 0.2, 1.28, 35.35] | Best_fitness=601.65 | Average_fitness=631.62 | Fitness_value=[627.93, 643.92, 607.14, 625.42, 622.44, 630.66, 611.26, 648.67, 610.08, 651.06, 616.24, 636.79, 601.65, 642.12, 662.8, 652.02, 610.9, 649.37, 637.71, 644.23]

Generation: 52:
 Best_position=[1.47, 0.2, 1.28, 35.35] | Best_fitness=601.65 | Average_fitness=631.12 | Fitness_value=[627.94, 643.93, 607.14, 625.39, 622.43, 630.34, 611.25, 648.09, 610.08, 650.94, 616.23, 636.79, 601.65, 646.57, 649.85, 652.03, 611.17, 649.57, 637.1, 643.97]

Generation: 53:
 Best_position=[1.47, 0.2, 1.28, 35.35] | Best_fitness=601.65 | Average_fitness=631.05 | Fitness_value=[627.92, 643.93, 607.15, 626.52, 622.42, 630.18, 609.87, 648.14, 610.08, 650.88, 616.23, 636.79, 601.65, 642.12, 649.29, 651.01, 615.81, 649.86, 637.1, 643.98]

Generation: 54:
 Best_position=[1.47, 0.2, 1.28, 35.35] | Best_fitness=601.3 | Average_fitness=630.49 | Fitness_value=[627.62, 643.45, 607.47, 625.98, 622.42, 634.85, 605.5, 649.18, 609.8, 646.59, 616.22, 635.31, 601.3, 642.47, 649.85, 651.03, 611.9, 649.54, 636.19, 643.21]

Generation: 55:
 Best_position=[1.47, 0.2, 1.28, 35.35] | Best_fitness=601.3 | Average_fitness=630.3 | Fitness_value=[630.37, 643.46, 607.47, 625.8, 622.42, 633.05, 605.5, 651.17, 609.8, 646.6, 616.21, 629.83, 601.3, 642.47, 650.74, 651.04, 609.9, 649.54, 636.2, 643.22]

Generation: 56:
 Best_position=[1.47, 0.2, 1.28, 35.35] | Best_fitness=601.3 | Average_fitness=630.48 | Fitness_value=[626.92, 643.46, 607.47, 625.8, 622.42, 634.54, 605.49, 651.18, 609.81, 646.59, 616.21, 635.3, 601.3, 642.47, 650.74, 651.06, 609.85, 649.54, 636.21, 643.22]

Generation: 57:
 Best_position=[1.47, 0.2, 1.28, 35.34] | Best_fitness=598.05 | Average_fitness=629.65 | Fitness_value=[628.09, 640.64, 607.47, 620.4, 624.59, 634.51, 606.59, 647.3, 598.05, 654.69, 609.44, 635.88, 599.81, 642.78, 645.29, 659.98, 612.44, 651.72, 630.08, 643.23]

Generation: 58:
 Best_position=[1.47, 0.2, 1.28, 35.34] | Best_fitness=598.05 | Average_fitness=629.68 | Fitness_value=[628.58, 640.65, 607.47, 620.4, 624.59, 634.52, 606.59, 647.31, 598.05, 654.69, 609.44, 635.88, 599.81, 642.83, 645.29, 659.98, 612.44, 651.72, 630.08, 643.23]

Generation: 59:
 Best_position=[1.47, 0.2, 1.28, 35.34] | Best_fitness=597.5 | Average_fitness=629.45 | Fitness_value=[628.58, 640.65, 607.47, 620.4, 624.59, 633.72, 606.58, 645.45, 597.5, 654.69, 609.43, 635.87, 599.81, 642.83, 645.29, 659.98, 610.98, 651.84, 630.08, 643.23]


Number of generations: 60
 Best position: [1.47, 0.2, 1.28, 35.34]
 Fitness value: [628.58, 640.65, 607.47, 620.4, 624.59, 633.72, 606.58, 645.45, 597.5, 654.69, 609.43, 635.87, 599.81, 642.83, 645.29, 659.98, 610.98, 651.84, 630.08, 643.23]
 Best fitness value: 597.5
 Average fitness value: 629.45