Generation: 0:
 Best_position=[1.34, 1.29, 3.66, 27.0] | Best_fitness=675.9 | Average_fitness=731.79 | Fitness_value=[694.33, 791.58, 675.9, 755.48, 726.7, 717.32, 719.08, 692.44, 708.68, 720.32, 753.15, 771.07, 701.15, 778.54, 771.15]

Generation: 1:
 Best_position=[1.34, 1.29, 3.66, 27.0] | Best_fitness=676.7 | Average_fitness=729.95 | Fitness_value=[685.4, 789.43, 676.7, 739.13, 735.49, 708.18, 723.89, 701.75, 724.42, 725.58, 734.97, 773.67, 706.11, 771.22, 753.37]

Generation: 2:
 Best_position=[1.34, 1.29, 3.66, 27.0] | Best_fitness=672.02 | Average_fitness=734.6 | Fitness_value=[703.33, 786.12, 672.02, 731.96, 736.32, 710.15, 732.87, 696.53, 738.78, 725.68, 753.97, 772.46, 725.31, 777.31, 756.18]

Generation: 3:
 Best_position=[1.34, 1.29, 3.66, 27.0] | Best_fitness=676.05 | Average_fitness=731.69 | Fitness_value=[705.18, 783.87, 676.05, 748.35, 729.46, 705.32, 740.31, 714.32, 742.38, 727.45, 723.84, 746.13, 713.65, 767.29, 751.8]

Generation: 4:
 Best_position=[1.34, 1.29, 3.66, 27.0] | Best_fitness=671.52 | Average_fitness=726.24 | Fitness_value=[703.5, 780.87, 671.52, 740.15, 719.21, 714.34, 726.2, 684.08, 737.66, 740.0, 713.66, 745.5, 699.68, 760.06, 757.17]

Generation: 5:
 Best_position=[1.34, 1.29, 3.66, 27.0] | Best_fitness=673.52 | Average_fitness=723.65 | Fitness_value=[701.65, 772.57, 673.52, 739.53, 734.55, 712.94, 727.97, 682.51, 726.65, 737.62, 703.41, 717.54, 708.97, 765.58, 749.73]

Generation: 6:
 Best_position=[1.34, 1.29, 3.66, 27.0] | Best_fitness=677.59 | Average_fitness=719.68 | Fitness_value=[699.68, 762.05, 677.59, 739.4, 717.68, 714.64, 717.42, 684.65, 720.66, 733.2, 711.91, 735.72, 706.59, 731.69, 742.25]

Generation: 7:
 Best_position=[1.34, 1.29, 3.66, 27.0] | Best_fitness=673.54 | Average_fitness=711.84 | Fitness_value=[692.07, 758.33, 673.54, 736.28, 710.07, 711.6, 707.3, 677.17, 693.69, 720.55, 705.77, 719.36, 704.34, 755.5, 712.04]

Generation: 8:
 Best_position=[1.34, 1.29, 3.66, 27.0] | Best_fitness=671.51 | Average_fitness=713.32 | Fitness_value=[723.44, 769.76, 671.51, 718.8, 711.53, 705.03, 697.83, 689.17, 693.48, 721.33, 701.43, 706.13, 683.79, 755.87, 750.66]

Generation: 9:
 Best_position=[1.14, 0.88, 3.86, 29.19] | Best_fitness=661.99 | Average_fitness=710.62 | Fitness_value=[718.02, 756.98, 696.54, 753.66, 708.72, 700.78, 698.32, 690.87, 661.99, 732.77, 694.67, 701.39, 688.67, 723.68, 732.18]

Generation: 10:
 Best_position=[1.1, 0.78, 3.91, 29.73] | Best_fitness=670.73 | Average_fitness=704.39 | Fitness_value=[724.72, 771.87, 679.22, 713.63, 704.71, 695.33, 686.19, 686.18, 670.73, 721.3, 689.62, 691.19, 683.0, 729.82, 718.4]

Generation: 11:
 Best_position=[1.06, 0.7, 3.94, 30.11] | Best_fitness=645.43 | Average_fitness=699.17 | Fitness_value=[711.46, 738.32, 677.17, 715.67, 700.66, 688.18, 687.93, 676.96, 645.43, 721.82, 712.29, 692.76, 675.58, 719.98, 723.41]

Generation: 12:
 Best_position=[1.03, 0.64, 3.97, 30.44] | Best_fitness=650.49 | Average_fitness=695.41 | Fitness_value=[717.1, 737.61, 669.18, 711.42, 684.89, 697.04, 684.5, 685.61, 650.49, 711.83, 683.99, 680.83, 672.03, 711.94, 732.73]

Generation: 13:
 Best_position=[1.0, 0.58, 4.0, 30.76] | Best_fitness=653.08 | Average_fitness=694.64 | Fitness_value=[719.33, 753.1, 679.11, 695.94, 692.75, 691.5, 667.84, 675.49, 653.08, 718.35, 675.11, 683.71, 659.69, 722.82, 731.72]

Generation: 14:
 Best_position=[0.99, 0.55, 4.02, 30.92] | Best_fitness=652.67 | Average_fitness=692.12 | Fitness_value=[708.93, 754.34, 670.22, 699.85, 685.98, 704.17, 669.25, 690.18, 652.67, 727.75, 661.74, 676.0, 672.72, 700.67, 707.32]

Generation: 15:
 Best_position=[0.82, 0.64, 3.72, 31.37] | Best_fitness=652.32 | Average_fitness=686.16 | Fitness_value=[702.2, 740.49, 656.37, 713.28, 672.42, 677.99, 659.91, 678.46, 671.28, 721.23, 652.32, 656.67, 666.44, 703.95, 719.4]

Generation: 16:
 Best_position=[0.92, 0.56, 3.97, 28.89] | Best_fitness=652.42 | Average_fitness=679.53 | Fitness_value=[690.17, 714.34, 661.59, 688.66, 679.69, 659.72, 667.21, 678.68, 660.68, 691.81, 675.15, 652.42, 660.8, 694.76, 717.29]

Generation: 17:
 Best_position=[1.09, 0.81, 3.87, 29.51] | Best_fitness=648.96 | Average_fitness=679.65 | Fitness_value=[685.78, 706.08, 648.96, 689.18, 671.11, 688.77, 673.67, 667.2, 649.2, 700.28, 686.16, 654.3, 652.42, 698.3, 723.38]

Generation: 18:
 Best_position=[0.87, 0.45, 4.02, 29.59] | Best_fitness=640.88 | Average_fitness=674.54 | Fitness_value=[682.8, 703.23, 642.85, 705.87, 669.15, 659.64, 665.18, 657.06, 657.06, 703.64, 667.19, 640.88, 669.56, 693.76, 700.17]

Generation: 19:
 Best_position=[0.86, 0.42, 4.04, 29.84] | Best_fitness=622.71 | Average_fitness=672.24 | Fitness_value=[695.68, 681.67, 643.39, 700.04, 659.25, 656.26, 657.19, 668.05, 651.99, 714.76, 686.23, 622.71, 648.37, 686.89, 711.15]

Generation: 20:
 Best_position=[1.01, 0.69, 3.91, 29.8] | Best_fitness=638.09 | Average_fitness=671.33 | Fitness_value=[689.97, 678.7, 638.09, 691.39, 654.25, 685.53, 649.01, 668.31, 646.98, 714.49, 651.57, 641.49, 657.58, 691.24, 711.43]

Generation: 21:
 Best_position=[0.85, 0.4, 4.05, 30.04] | Best_fitness=638.63 | Average_fitness=668.51 | Fitness_value=[676.83, 685.78, 660.59, 683.33, 668.97, 668.62, 651.31, 659.99, 655.3, 704.36, 681.59, 638.63, 646.94, 670.02, 675.36]

Generation: 22:
 Best_position=[0.84, 0.4, 4.05, 30.1] | Best_fitness=625.67 | Average_fitness=661.3 | Fitness_value=[687.38, 678.04, 645.71, 686.82, 652.02, 653.5, 660.63, 646.77, 644.53, 690.44, 673.82, 625.67, 640.3, 659.07, 674.71]

Generation: 23:
 Best_position=[0.84, 0.39, 4.05, 30.15] | Best_fitness=624.91 | Average_fitness=658.62 | Fitness_value=[673.21, 660.15, 638.04, 650.36, 675.55, 664.62, 646.02, 650.28, 655.58, 679.8, 688.09, 624.91, 637.2, 659.67, 675.86]

Generation: 24:
 Best_position=[0.91, 0.52, 3.98, 29.98] | Best_fitness=634.68 | Average_fitness=656.69 | Fitness_value=[678.69, 660.23, 634.68, 684.87, 660.57, 672.79, 639.86, 639.53, 644.34, 686.15, 643.07, 637.22, 645.06, 655.94, 667.41]

Generation: 25:
 Best_position=[0.89, 0.48, 4.0, 30.02] | Best_fitness=631.35 | Average_fitness=658.16 | Fitness_value=[671.0, 650.11, 631.35, 676.45, 650.53, 675.02, 655.03, 641.64, 660.41, 691.17, 667.61, 642.2, 635.72, 653.44, 670.68]

Generation: 26:
 Best_position=[0.88, 0.46, 4.01, 30.05] | Best_fitness=631.99 | Average_fitness=658.68 | Fitness_value=[662.49, 651.58, 631.99, 674.13, 635.63, 678.39, 648.5, 646.54, 654.56, 697.71, 669.82, 647.04, 637.01, 651.76, 693.04]

Generation: 27:
 Best_position=[0.86, 0.43, 4.03, 30.08] | Best_fitness=628.95 | Average_fitness=658.27 | Fitness_value=[670.7, 653.97, 628.95, 678.3, 645.7, 668.05, 650.62, 652.98, 657.95, 681.33, 660.55, 633.08, 636.62, 666.65, 688.62]

Generation: 28:
 Best_position=[0.85, 0.41, 4.04, 30.1] | Best_fitness=619.87 | Average_fitness=654.09 | Fitness_value=[665.22, 653.83, 619.87, 665.85, 672.74, 655.27, 647.72, 646.19, 648.95, 675.37, 657.26, 630.56, 637.93, 667.69, 666.94]

Generation: 29:
 Best_position=[0.84, 0.39, 4.04, 30.12] | Best_fitness=615.06 | Average_fitness=650.47 | Fitness_value=[658.53, 657.11, 615.06, 665.11, 640.98, 651.3, 653.59, 639.74, 641.09, 671.15, 656.83, 638.8, 632.49, 655.53, 679.68]

Generation: 30:
 Best_position=[0.83, 0.38, 4.05, 30.14] | Best_fitness=617.68 | Average_fitness=652.9 | Fitness_value=[654.54, 654.97, 617.68, 679.07, 644.38, 665.73, 649.82, 634.59, 648.15, 670.38, 656.7, 627.8, 645.86, 660.03, 683.79]

Generation: 31:
 Best_position=[0.83, 0.37, 4.05, 30.14] | Best_fitness=616.77 | Average_fitness=651.3 | Fitness_value=[654.46, 661.2, 616.77, 666.97, 636.68, 658.4, 650.23, 635.25, 645.96, 679.95, 659.39, 634.51, 627.29, 653.35, 689.02]

Generation: 32:
 Best_position=[0.84, 0.4, 4.04, 30.24] | Best_fitness=620.8 | Average_fitness=654.46 | Fitness_value=[660.66, 658.22, 622.13, 665.92, 633.48, 661.25, 651.89, 663.15, 646.9, 685.87, 660.87, 648.35, 620.8, 657.18, 680.16]

Generation: 33:
 Best_position=[0.84, 0.4, 4.04, 30.23] | Best_fitness=617.05 | Average_fitness=650.17 | Fitness_value=[667.5, 647.0, 617.1, 654.6, 641.44, 660.25, 657.57, 648.05, 644.3, 673.49, 658.19, 637.67, 617.05, 661.33, 667.0]

Generation: 34:
 Best_position=[0.82, 0.36, 4.06, 30.16] | Best_fitness=615.91 | Average_fitness=649.9 | Fitness_value=[665.57, 667.9, 615.91, 662.37, 635.89, 655.97, 647.27, 657.68, 626.52, 671.29, 661.19, 647.94, 618.39, 651.24, 663.4]

Generation: 35:
 Best_position=[0.82, 0.36, 4.06, 30.17] | Best_fitness=619.16 | Average_fitness=648.64 | Fitness_value=[655.83, 652.71, 619.16, 658.34, 630.92, 656.65, 648.98, 634.26, 652.59, 680.38, 660.53, 629.68, 637.61, 638.72, 673.29]

Generation: 36:
 Best_position=[0.82, 0.36, 4.06, 30.17] | Best_fitness=615.85 | Average_fitness=652.62 | Fitness_value=[657.02, 652.02, 615.85, 651.87, 638.05, 667.6, 649.02, 640.8, 649.99, 692.18, 679.36, 622.82, 644.93, 648.4, 679.42]

Generation: 37:
 Best_position=[0.82, 0.36, 4.06, 30.17] | Best_fitness=620.48 | Average_fitness=651.56 | Fitness_value=[662.21, 640.88, 620.48, 672.25, 637.32, 658.59, 645.82, 648.89, 644.5, 675.18, 669.64, 624.99, 636.41, 646.88, 689.36]

Generation: 38:
 Best_position=[0.82, 0.36, 4.06, 30.17] | Best_fitness=622.68 | Average_fitness=650.1 | Fitness_value=[649.39, 632.26, 622.68, 658.93, 651.1, 658.21, 645.02, 650.44, 636.91, 680.26, 675.49, 632.09, 633.96, 641.41, 683.39]

Generation: 39:
 Best_position=[0.82, 0.36, 4.06, 30.17] | Best_fitness=619.27 | Average_fitness=651.61 | Fitness_value=[657.57, 635.57, 619.27, 664.1, 639.63, 659.28, 647.49, 649.08, 643.71, 681.77, 683.79, 642.79, 638.95, 638.77, 672.32]

Generation: 40:
 Best_position=[0.82, 0.36, 4.06, 30.17] | Best_fitness=620.37 | Average_fitness=646.83 | Fitness_value=[655.55, 647.83, 620.37, 657.26, 633.87, 646.69, 647.79, 653.03, 628.08, 665.57, 663.72, 631.85, 634.97, 643.68, 672.19]

Generation: 41:
 Best_position=[0.82, 0.36, 4.06, 30.17] | Best_fitness=622.75 | Average_fitness=647.72 | Fitness_value=[654.04, 647.28, 622.75, 660.75, 646.36, 643.9, 649.75, 660.95, 628.2, 664.74, 659.59, 634.99, 625.96, 646.16, 670.4]

Generation: 42:
 Best_position=[0.82, 0.37, 4.06, 30.17] | Best_fitness=603.51 | Average_fitness=646.07 | Fitness_value=[645.6, 655.22, 620.24, 663.62, 626.32, 650.59, 645.9, 666.08, 625.71, 678.66, 658.9, 603.51, 630.31, 644.24, 676.13]

Generation: 43:
 Best_position=[0.82, 0.36, 4.06, 30.17] | Best_fitness=614.67 | Average_fitness=645.94 | Fitness_value=[646.14, 651.73, 618.44, 665.07, 625.22, 639.37, 643.19, 678.32, 614.95, 680.55, 659.84, 614.67, 631.27, 648.09, 672.22]

Generation: 44:
 Best_position=[0.82, 0.36, 4.06, 30.17] | Best_fitness=608.52 | Average_fitness=644.8 | Fitness_value=[653.18, 640.66, 608.52, 659.72, 631.41, 648.99, 642.89, 653.89, 640.08, 686.15, 648.3, 612.75, 634.74, 640.3, 670.44]

Generation: 45:
 Best_position=[0.82, 0.36, 4.06, 30.17] | Best_fitness=610.71 | Average_fitness=646.35 | Fitness_value=[649.05, 650.31, 614.88, 665.56, 633.98, 652.09, 642.43, 655.19, 637.12, 682.9, 654.1, 610.71, 629.18, 639.67, 678.01]

Generation: 46:
 Best_position=[0.82, 0.36, 4.06, 30.17] | Best_fitness=616.92 | Average_fitness=646.32 | Fitness_value=[653.06, 630.89, 616.92, 666.08, 636.04, 650.19, 637.77, 649.2, 635.85, 684.71, 652.34, 638.26, 631.84, 634.21, 677.41]

Generation: 47:
 Best_position=[0.82, 0.36, 4.06, 30.17] | Best_fitness=617.08 | Average_fitness=644.1 | Fitness_value=[647.12, 647.82, 621.6, 659.47, 634.18, 646.09, 641.05, 641.8, 638.97, 674.53, 653.99, 617.08, 624.94, 638.56, 674.31]

Generation: 48:
 Best_position=[0.82, 0.36, 4.06, 30.17] | Best_fitness=609.74 | Average_fitness=643.82 | Fitness_value=[644.76, 642.76, 622.39, 666.87, 639.01, 645.91, 640.18, 649.01, 633.34, 676.61, 648.79, 609.74, 632.64, 635.29, 670.06]

Generation: 49:
 Best_position=[0.82, 0.36, 4.06, 30.17] | Best_fitness=602.91 | Average_fitness=644.96 | Fitness_value=[644.69, 647.16, 621.68, 667.35, 639.46, 650.82, 642.71, 646.75, 629.12, 689.61, 664.51, 602.91, 633.84, 632.17, 661.69]

Generation: 50:
 Best_position=[0.82, 0.36, 4.06, 30.17] | Best_fitness=613.43 | Average_fitness=644.37 | Fitness_value=[648.62, 643.54, 626.17, 668.45, 638.27, 650.94, 641.43, 647.47, 628.5, 684.02, 651.54, 613.43, 634.94, 626.09, 662.1]

Generation: 51:
 Best_position=[0.82, 0.36, 4.06, 30.17] | Best_fitness=612.9 | Average_fitness=643.69 | Fitness_value=[648.85, 643.4, 621.57, 668.43, 637.5, 643.95, 639.75, 640.0, 644.51, 676.01, 651.48, 612.9, 631.58, 632.14, 663.24]

Generation: 52:
 Best_position=[0.82, 0.36, 4.06, 30.17] | Best_fitness=616.77 | Average_fitness=647.05 | Fitness_value=[650.38, 649.23, 622.95, 664.53, 633.59, 655.4, 642.2, 632.82, 657.08, 679.82, 651.81, 616.77, 633.86, 642.8, 672.56]

Generation: 53:
 Best_position=[0.82, 0.36, 4.06, 30.17] | Best_fitness=616.62 | Average_fitness=646.88 | Fitness_value=[655.65, 652.24, 620.89, 675.17, 632.5, 656.54, 636.71, 631.84, 662.89, 676.8, 642.92, 616.62, 629.73, 648.97, 663.69]

Generation: 54:
 Best_position=[0.82, 0.36, 4.06, 30.17] | Best_fitness=618.06 | Average_fitness=646.85 | Fitness_value=[652.08, 650.99, 622.16, 672.9, 630.37, 656.54, 642.18, 638.17, 652.41, 680.7, 656.58, 618.06, 634.27, 640.12, 655.15]

Generation: 55:
 Best_position=[0.82, 0.36, 4.06, 30.17] | Best_fitness=618.05 | Average_fitness=647.42 | Fitness_value=[652.56, 649.86, 622.12, 671.76, 630.38, 656.54, 642.18, 638.18, 654.29, 680.71, 665.78, 618.05, 634.13, 640.11, 654.62]

Generation: 56:
 Best_position=[0.82, 0.36, 4.06, 30.17] | Best_fitness=618.58 | Average_fitness=650.35 | Fitness_value=[659.23, 649.18, 618.58, 673.63, 633.65, 657.21, 642.23, 637.39, 654.09, 683.89, 671.88, 620.81, 636.19, 654.7, 662.68]

Generation: 57:
 Best_position=[0.82, 0.36, 4.06, 30.17] | Best_fitness=618.62 | Average_fitness=649.9 | Fitness_value=[657.47, 649.18, 618.62, 668.45, 633.66, 657.22, 642.23, 637.4, 654.11, 683.89, 671.87, 620.81, 636.19, 655.04, 662.28]

Generation: 58:
 Best_position=[0.82, 0.36, 4.06, 30.17] | Best_fitness=619.21 | Average_fitness=651.52 | Fitness_value=[657.46, 650.81, 619.21, 668.87, 633.83, 655.67, 642.85, 641.93, 667.01, 691.04, 672.1, 620.81, 634.43, 654.45, 662.29]

Generation: 59:
 Best_position=[0.82, 0.36, 4.06, 30.17] | Best_fitness=621.3 | Average_fitness=649.04 | Fitness_value=[666.01, 646.99, 621.3, 673.9, 637.72, 655.45, 642.68, 641.39, 654.08, 688.56, 667.41, 622.6, 633.2, 628.76, 655.54]


Number of generations: 60
 Best position: [0.82, 0.36, 4.06, 30.17]
 Fitness value: [666.01, 646.99, 621.3, 673.9, 637.72, 655.45, 642.68, 641.39, 654.08, 688.56, 667.41, 622.6, 633.2, 628.76, 655.54]
 Best fitness value: 621.3
 Average fitness value: 649.04