Generation: 0:
 Best_position=[0.97, 1.39, 1.13, 10.0] | Best_fitness=673.85 | Average_fitness=723.34 | Fitness_value=[774.61, 732.16, 701.92, 674.01, 699.77, 742.92, 673.85, 751.58, 701.97, 737.68, 773.01, 703.8, 769.48, 726.59, 686.77]

Generation: 1:
 Best_position=[0.97, 1.39, 1.13, 10.0] | Best_fitness=666.49 | Average_fitness=722.63 | Fitness_value=[782.26, 757.05, 694.62, 689.09, 698.83, 726.17, 666.49, 745.42, 713.37, 720.14, 763.75, 705.54, 762.74, 726.18, 687.83]

Generation: 2:
 Best_position=[0.97, 1.39, 1.13, 10.0] | Best_fitness=675.58 | Average_fitness=724.76 | Fitness_value=[770.19, 746.58, 700.44, 692.46, 701.13, 731.53, 675.58, 746.5, 715.91, 721.26, 774.26, 714.91, 756.03, 728.52, 696.07]

Generation: 3:
 Best_position=[0.97, 1.39, 1.13, 10.0] | Best_fitness=673.45 | Average_fitness=722.2 | Fitness_value=[761.01, 748.36, 691.79, 691.18, 703.66, 723.81, 673.45, 747.67, 710.02, 728.43, 764.64, 710.26, 780.15, 713.25, 685.3]

Generation: 4:
 Best_position=[0.97, 1.39, 1.13, 10.0] | Best_fitness=674.91 | Average_fitness=717.11 | Fitness_value=[756.08, 749.16, 691.84, 686.59, 702.7, 722.29, 674.91, 716.23, 695.38, 736.69, 743.39, 716.37, 770.48, 715.46, 679.15]

Generation: 5:
 Best_position=[0.97, 1.39, 1.13, 10.0] | Best_fitness=669.86 | Average_fitness=714.61 | Fitness_value=[754.4, 746.6, 686.43, 700.41, 700.59, 715.32, 669.86, 727.31, 696.68, 732.9, 748.58, 717.57, 748.2, 699.7, 674.63]

Generation: 6:
 Best_position=[1.0, 1.32, 1.19, 10.49] | Best_fitness=671.66 | Average_fitness=710.55 | Fitness_value=[745.64, 730.75, 695.02, 688.34, 705.99, 709.93, 672.12, 686.91, 708.02, 722.41, 754.81, 701.48, 766.05, 699.14, 671.66]

Generation: 7:
 Best_position=[0.97, 1.39, 1.13, 10.01] | Best_fitness=663.16 | Average_fitness=696.65 | Fitness_value=[748.69, 695.8, 674.47, 698.05, 680.94, 689.6, 663.16, 689.29, 669.74, 708.76, 708.85, 715.19, 738.75, 703.54, 664.99]

Generation: 8:
 Best_position=[0.97, 1.46, 1.18, 10.33] | Best_fitness=662.82 | Average_fitness=690.82 | Fitness_value=[733.31, 662.82, 664.63, 694.68, 678.39, 666.18, 681.58, 683.94, 676.16, 721.22, 700.74, 706.31, 737.6, 689.28, 665.44]

Generation: 9:
 Best_position=[0.98, 0.96, 0.97, 10] | Best_fitness=651.0 | Average_fitness=688.61 | Fitness_value=[734.69, 651.0, 671.59, 699.41, 698.69, 670.39, 680.06, 685.41, 669.56, 710.34, 688.93, 694.9, 717.22, 684.73, 672.24]

Generation: 10:
 Best_position=[0.99, 0.51, 0.78, 10] | Best_fitness=639.71 | Average_fitness=686.16 | Fitness_value=[721.46, 639.71, 667.9, 681.26, 690.2, 673.07, 682.23, 688.58, 666.7, 715.47, 698.41, 695.99, 729.63, 672.38, 669.36]

Generation: 11:
 Best_position=[0.99, 0.2, 0.6, 10] | Best_fitness=600.2 | Average_fitness=677.44 | Fitness_value=[703.85, 600.2, 656.45, 674.94, 687.66, 668.57, 678.38, 682.67, 666.67, 696.26, 702.37, 693.96, 710.42, 662.01, 677.23]

Generation: 12:
 Best_position=[1.0, 0.2, 0.45, 10] | Best_fitness=606.09 | Average_fitness=671.46 | Fitness_value=[697.63, 606.09, 656.82, 679.49, 664.49, 675.35, 674.34, 680.5, 664.73, 690.47, 689.27, 675.04, 687.51, 658.28, 671.91]

Generation: 13:
 Best_position=[1.0, 0.2, 0.36, 10] | Best_fitness=612.86 | Average_fitness=666.53 | Fitness_value=[688.84, 612.86, 668.4, 673.22, 668.16, 647.81, 658.71, 679.12, 657.14, 683.68, 700.3, 669.54, 670.81, 651.24, 668.08]

Generation: 14:
 Best_position=[1.01, 0.2, 0.27, 10] | Best_fitness=604.94 | Average_fitness=661.67 | Fitness_value=[679.57, 604.94, 655.01, 667.05, 670.67, 659.85, 649.59, 680.74, 657.57, 675.83, 686.69, 661.12, 674.74, 642.25, 659.47]

Generation: 15:
 Best_position=[1.01, 0.2, 0.2, 10] | Best_fitness=596.82 | Average_fitness=653.44 | Fitness_value=[657.76, 596.82, 659.87, 658.22, 660.88, 654.54, 638.63, 687.95, 642.42, 661.24, 681.53, 663.23, 649.71, 631.98, 656.86]

Generation: 16:
 Best_position=[1.01, 0.2, 0.2, 10] | Best_fitness=613.28 | Average_fitness=647.22 | Fitness_value=[645.55, 613.28, 630.0, 652.58, 654.78, 636.17, 631.92, 677.79, 645.11, 663.99, 672.47, 656.42, 651.4, 636.82, 639.93]

Generation: 17:
 Best_position=[1.01, 0.2, 0.2, 10] | Best_fitness=600.45 | Average_fitness=637.52 | Fitness_value=[619.8, 600.45, 627.91, 636.59, 619.01, 649.98, 681.32, 633.02, 645.0, 662.38, 655.94, 626.22, 635.78, 631.85]

Generation: 18:
 Best_position=[0.88, 0.2, 0.54, 10] | Best_fitness=606.3 | Average_fitness=632.92 | Fitness_value=[618.91, 627.89, 618.06, 634.0, 613.11, 630.92, 616.9, 685.08, 621.65, 651.08, 664.8, 646.06, 606.3, 638.99, 620.04]

Generation: 19:
 Best_position=[0.99, 0.2, 0.26, 10] | Best_fitness=612.01 | Average_fitness=632.99 | Fitness_value=[620.49, 622.11, 618.12, 635.74, 616.48, 637.05, 624.0, 675.73, 633.9, 633.65, 666.7, 643.75, 614.03, 641.13, 612.01]

Generation: 20:
 Best_position=[0.84, 0.2, 0.2, 10] | Best_fitness=611.67 | Average_fitness=628.18 | Fitness_value=[611.67, 614.57, 627.95, 623.11, 623.49, 622.02, 615.74, 664.38, 618.41, 629.14, 662.09, 626.9, 612.97, 641.4, 628.87]

Generation: 21:
 Best_position=[0.97, 0.2, 0.3, 10] | Best_fitness=607.82 | Average_fitness=624.65 | Fitness_value=[617.82, 629.4, 607.82, 609.62, 616.57, 637.81, 611.19, 665.53, 623.9, 615.0, 651.67, 620.15, 619.69, 618.94]

Generation: 22:
 Best_position=[0.95, 0.2, 0.31, 10] | Best_fitness=596.48 | Average_fitness=622.2 | Fitness_value=[620.85, 624.44, 613.9, 609.16, 626.34, 607.57, 661.66, 626.72, 596.48, 650.06, 617.66, 608.79, 632.21, 614.96]

Generation: 23:
 Best_position=[1.0, 0.2, 0.2, 10] | Best_fitness=590.54 | Average_fitness=619.17 | Fitness_value=[615.99, 624.81, 608.19, 607.88, 622.41, 616.35, 617.32, 658.02, 626.26, 590.54, 638.69, 615.76, 600.96, 625.21, 619.11]

Generation: 24:
 Best_position=[0.99, 0.2, 0.2, 10] | Best_fitness=595.18 | Average_fitness=619.37 | Fitness_value=[629.08, 616.04, 601.58, 603.68, 618.3, 626.74, 612.96, 658.64, 622.67, 595.18, 647.44, 610.42, 603.83, 629.78, 614.17]

Generation: 25:
 Best_position=[0.99, 0.2, 0.2, 10] | Best_fitness=596.09 | Average_fitness=619.52 | Fitness_value=[613.71, 615.2, 604.4, 601.2, 599.07, 630.24, 622.71, 652.68, 624.46, 596.09, 650.64, 612.28, 612.44, 638.14]

Generation: 26:
 Best_position=[0.99, 0.2, 0.2, 10] | Best_fitness=592.62 | Average_fitness=615.99 | Fitness_value=[618.4, 609.43, 607.5, 606.29, 600.42, 626.27, 606.12, 640.39, 621.95, 592.62, 640.43, 609.8, 599.29, 644.95, 616.07]

Generation: 27:
 Best_position=[0.99, 0.2, 0.2, 10] | Best_fitness=587.59 | Average_fitness=619.05 | Fitness_value=[624.2, 597.78, 609.72, 614.5, 603.1, 630.13, 637.82, 636.69, 617.82, 587.59, 639.86, 611.49, 603.52, 649.86, 621.66]

Generation: 28:
 Best_position=[0.99, 0.2, 0.2, 10] | Best_fitness=598.87 | Average_fitness=623.06 | Fitness_value=[619.21, 603.86, 608.7, 616.39, 616.69, 633.01, 632.66, 634.8, 622.09, 598.87, 648.12, 618.76, 622.11, 656.15, 614.44]

Generation: 29:
 Best_position=[0.98, 0.2, 0.2, 10] | Best_fitness=606.83 | Average_fitness=624.79 | Fitness_value=[630.29, 613.58, 606.83, 625.14, 611.13, 629.53, 636.04, 637.54, 615.0, 611.03, 643.88, 614.81, 623.75, 651.67, 621.61]

Generation: 30:
 Best_position=[0.99, 0.2, 0.2, 10] | Best_fitness=605.37 | Average_fitness=622.28 | Fitness_value=[632.62, 624.24, 606.07, 621.72, 608.74, 621.67, 630.46, 639.36, 618.6, 605.37, 646.82, 612.66, 621.27]

Generation: 31:
 Best_position=[0.99, 0.2, 0.2, 10] | Best_fitness=604.43 | Average_fitness=621.96 | Fitness_value=[620.06, 624.17, 604.43, 610.02, 611.19, 623.73, 619.49, 637.34, 622.51, 604.5, 646.27, 618.36, 631.42, 640.26, 615.68]

Generation: 32:
 Best_position=[0.99, 0.2, 0.2, 10] | Best_fitness=600.14 | Average_fitness=622.69 | Fitness_value=[623.43, 608.15, 610.9, 616.19, 626.4, 627.8, 619.69, 640.94, 617.9, 600.14, 651.16, 616.94, 622.89, 630.96, 626.9]

Generation: 33:
 Best_position=[0.99, 0.2, 0.2, 10] | Best_fitness=605.14 | Average_fitness=621.82 | Fitness_value=[615.12, 612.92, 605.14, 614.11, 623.37, 624.98, 623.43, 641.41, 613.82, 618.1, 645.32, 615.24, 614.26, 632.51, 627.54]

Generation: 34:
 Best_position=[0.98, 0.2, 0.21, 10] | Best_fitness=604.12 | Average_fitness=623.65 | Fitness_value=[615.39, 604.12, 618.07, 625.95, 621.72, 626.77, 634.11, 612.5, 616.93, 648.11, 621.58, 640.72, 621.46]

Generation: 35:
 Best_position=[0.99, 0.2, 0.2, 10] | Best_fitness=604.91 | Average_fitness=622.06 | Fitness_value=[614.75, 616.8, 604.91, 617.67, 625.89, 611.9, 625.94, 636.07, 618.32, 616.74, 638.73, 629.13, 632.32, 619.66]

Generation: 36:
 Best_position=[0.99, 0.2, 0.2, 10] | Best_fitness=605.57 | Average_fitness=621.08 | Fitness_value=[616.54, 616.79, 605.57, 617.91, 623.64, 623.27, 613.81, 642.94, 609.86, 617.19, 638.55, 614.0, 625.75, 634.38, 616.0]

Generation: 37:
 Best_position=[1.0, 0.2, 0.2, 10] | Best_fitness=595.38 | Average_fitness=621.39 | Fitness_value=[616.75, 618.04, 595.38, 618.1, 624.54, 623.88, 627.08, 642.46, 613.92, 602.91, 646.9, 619.07, 614.0, 631.67, 626.17]

Generation: 38:
 Best_position=[1.0, 0.2, 0.2, 10] | Best_fitness=597.32 | Average_fitness=620.7 | Fitness_value=[614.07, 619.09, 597.32, 619.79, 624.4, 617.62, 611.5, 645.77, 617.11, 602.87, 651.04, 616.69, 613.69, 632.51, 627.05]

Generation: 39:
 Best_position=[1.0, 0.2, 0.2, 10] | Best_fitness=595.13 | Average_fitness=622.5 | Fitness_value=[622.54, 617.01, 595.13, 626.87, 624.72, 617.71, 628.73, 639.93, 626.58, 605.41, 646.76, 623.02, 612.84, 634.3, 615.96]

Generation: 40:
 Best_position=[1.0, 0.2, 0.2, 10] | Best_fitness=595.83 | Average_fitness=620.77 | Fitness_value=[627.06, 616.69, 595.83, 622.74, 617.44, 614.2, 613.63, 643.13, 620.11, 604.07, 651.04, 620.89, 630.66, 613.37]

Generation: 41:
 Best_position=[1.0, 0.2, 0.2, 10] | Best_fitness=595.76 | Average_fitness=620.54 | Fitness_value=[622.71, 624.84, 595.76, 623.93, 611.08, 620.3, 627.66, 641.85, 623.5, 603.6, 643.63, 610.81, 613.96, 627.46, 617.05]

Generation: 42:
 Best_position=[1.0, 0.2, 0.2, 10] | Best_fitness=594.99 | Average_fitness=622.56 | Fitness_value=[617.24, 623.14, 594.99, 623.0, 608.43, 617.05, 626.73, 643.23, 625.48, 608.17, 650.14, 619.47, 630.57, 628.23]

Generation: 43:
 Best_position=[1.0, 0.2, 0.2, 10] | Best_fitness=594.73 | Average_fitness=622.14 | Fitness_value=[623.69, 621.87, 594.73, 626.14, 609.93, 613.52, 626.93, 644.75, 620.87, 608.56, 651.35, 619.02, 611.71, 630.15, 628.87]

Generation: 44:
 Best_position=[1.0, 0.2, 0.2, 10] | Best_fitness=587.59 | Average_fitness=620.87 | Fitness_value=[626.47, 621.82, 587.59, 625.02, 611.64, 613.39, 623.55, 643.06, 615.03, 605.74, 649.15, 617.72, 617.91, 639.94, 614.98]

Generation: 45:
 Best_position=[1.0, 0.2, 0.2, 10] | Best_fitness=611.05 | Average_fitness=624.45 | Fitness_value=[614.55, 631.08, 626.59, 611.05, 611.79, 628.35, 646.45, 617.58, 614.44, 640.64, 618.66, 630.77, 625.87]

Generation: 46:
 Best_position=[1.0, 0.2, 0.2, 10] | Best_fitness=593.48 | Average_fitness=619.13 | Fitness_value=[619.69, 624.22, 593.48, 620.32, 608.1, 615.7, 632.53, 642.37, 608.68, 607.98, 619.4, 619.15, 633.55, 622.59]

Generation: 47:
 Best_position=[1.0, 0.2, 0.2, 10] | Best_fitness=597.26 | Average_fitness=618.68 | Fitness_value=[618.83, 622.8, 597.26, 620.69, 608.27, 613.97, 631.91, 642.14, 608.27, 608.51, 638.14, 616.56, 619.99, 614.19]

Generation: 48:
 Best_position=[1.0, 0.2, 0.2, 10] | Best_fitness=594.67 | Average_fitness=618.83 | Fitness_value=[619.5, 624.16, 594.67, 621.5, 606.86, 617.29, 628.58, 642.17, 614.57, 608.52, 617.52, 634.13, 615.33]

Generation: 49:
 Best_position=[1.0, 0.2, 0.2, 10] | Best_fitness=598.63 | Average_fitness=619.76 | Fitness_value=[618.78, 617.72, 598.63, 623.37, 609.84, 615.34, 631.44, 641.85, 615.03, 602.93, 641.96, 611.39, 620.44, 633.45, 614.31]

Generation: 50:
 Best_position=[1.0, 0.2, 0.2, 10] | Best_fitness=598.63 | Average_fitness=619.93 | Fitness_value=[618.76, 617.73, 598.63, 623.37, 609.84, 615.2, 633.44, 641.85, 615.03, 602.93, 643.14, 611.23, 620.43, 633.12, 614.31]

Generation: 51:
 Best_position=[1.0, 0.2, 0.2, 10] | Best_fitness=599.44 | Average_fitness=620.09 | Fitness_value=[612.84, 625.69, 599.44, 625.01, 610.55, 614.51, 625.99, 644.76, 616.3, 603.03, 642.66, 612.84, 618.97, 635.87, 612.89]

Generation: 52:
 Best_position=[1.0, 0.2, 0.2, 10] | Best_fitness=602.53 | Average_fitness=620.4 | Fitness_value=[620.81, 618.19, 602.53, 619.55, 610.32, 618.87, 627.26, 641.4, 614.09, 604.59, 643.69, 612.51, 624.34, 631.66, 616.23]

Generation: 53:
 Best_position=[1.0, 0.2, 0.2, 10] | Best_fitness=601.61 | Average_fitness=620.71 | Fitness_value=[623.27, 621.36, 601.61, 619.81, 612.02, 611.17, 629.57, 641.31, 609.92, 608.54, 647.68, 615.24, 620.23, 630.64, 618.3]

Generation: 54:
 Best_position=[1.0, 0.2, 0.2, 10] | Best_fitness=599.17 | Average_fitness=622.09 | Fitness_value=[628.27, 622.64, 599.17, 621.91, 609.9, 617.07, 632.17, 642.22, 615.29, 604.59, 649.87, 617.04, 621.21, 632.28, 617.76]

Generation: 55:
 Best_position=[1.0, 0.2, 0.2, 10] | Best_fitness=599.19 | Average_fitness=621.74 | Fitness_value=[628.42, 617.45, 599.19, 617.83, 611.49, 617.05, 628.32, 641.4, 613.48, 604.59, 647.07, 619.25, 620.83, 642.0, 617.66]

Generation: 56:
 Best_position=[1.0, 0.2, 0.2, 10] | Best_fitness=599.86 | Average_fitness=621.37 | Fitness_value=[628.6, 617.3, 599.86, 618.2, 612.91, 616.55, 625.03, 641.4, 608.95, 604.59, 647.33, 619.52, 620.61, 642.32, 617.44]

Generation: 57:
 Best_position=[1.0, 0.2, 0.2, 10] | Best_fitness=599.44 | Average_fitness=620.95 | Fitness_value=[628.21, 623.42, 599.44, 619.42, 611.24, 612.51, 624.71, 642.31, 604.13, 610.62, 647.32, 616.63, 615.35, 641.25, 617.67]

Generation: 58:
 Best_position=[1.0, 0.2, 0.2, 10] | Best_fitness=599.47 | Average_fitness=621.1 | Fitness_value=[629.89, 623.34, 599.47, 619.42, 610.94, 612.37, 624.96, 642.13, 603.87, 610.62, 647.22, 617.03, 615.56, 642.05, 617.67]

Generation: 59:
 Best_position=[1.0, 0.2, 0.2, 10] | Best_fitness=600.32 | Average_fitness=622.15 | Fitness_value=[625.09, 626.01, 600.32, 622.68, 612.53, 615.6, 624.57, 642.32, 611.22, 610.62, 647.96, 618.48, 613.45, 632.12, 629.3]


Number of generations: 60
 Best position: [1.0, 0.2, 0.2, 10]
 Fitness value: [625.09, 626.01, 600.32, 622.68, 612.53, 615.6, 624.57, 642.32, 611.22, 610.62, 647.96, 618.48, 613.45, 632.12, 629.3]
 Best fitness value: 600.32
 Average fitness value: 622.15