Generation: 0:
 Best_position=[2.43, 1.48, 0.44, 40.05] | Best_fitness=7.57 | Average_fitness=6.44 | Fitness_value=[5.66, 7.35, 6.73, 7.57, 6.37, 6.91, 5.71, 6.7, 6.18, 7.15, 6.67, 5.45, 6.66, 6.26, 6.35, 6.64, 5.41, 6.76, 6.57, 5.75]

Generation: 1:
 Best_position=[1.11, 4.17, 1.44, 48.1] | Best_fitness=7.97 | Average_fitness=6.94 | Fitness_value=[6.59, 7.68, 6.78, 7.33, 6.65, 6.88, 6.61, 7.97, 6.7, 7.52, 6.49, 7.18, 6.24, 6.23, 7.31, 7.1, 6.02, 7.5, 7.35, 6.6]

Generation: 2:
 Best_position=[2.44, 1.68, 0.76, 40.17] | Best_fitness=8.15 | Average_fitness=6.78 | Fitness_value=[6.87, 7.61, 6.93, 8.15, 6.95, 7.32, 5.88, 7.7, 5.79, 6.89, 6.71, 7.35, 6.12, 5.69, 6.92, 7.22, 5.5, 6.79, 6.92, 6.36]

Generation: 3:
 Best_position=[2.44, 1.78, 0.91, 40.26] | Best_fitness=8.13 | Average_fitness=6.93 | Fitness_value=[6.67, 7.85, 6.64, 8.13, 6.72, 7.26, 6.62, 8.03, 7.21, 7.27, 6.6, 6.64, 6.46, 5.82, 6.36, 7.41, 6.05, 6.93, 7.22, 6.67]

Generation: 4:
 Best_position=[1.59, 3.59, 1.66, 45.51] | Best_fitness=8.46 | Average_fitness=7.05 | Fitness_value=[7.1, 7.87, 6.86, 7.83, 6.66, 7.46, 5.92, 8.46, 6.42, 7.42, 7.19, 7.27, 6.45, 6.11, 7.14, 7.4, 6.29, 6.94, 7.5, 6.69]

Generation: 5:
 Best_position=[2.26, 3.22, 2.63, 42.28] | Best_fitness=8.37 | Average_fitness=6.98 | Fitness_value=[7.25, 8.37, 6.77, 7.54, 7.16, 7.8, 5.52, 7.73, 6.09, 7.46, 6.39, 7.73, 6.87, 6.01, 6.57, 7.66, 6.35, 7.45, 7.26, 5.59]

Generation: 6:
 Best_position=[2.13, 3.11, 2.18, 42.73] | Best_fitness=8.57 | Average_fitness=7.02 | Fitness_value=[7.62, 8.57, 7.08, 7.98, 7.36, 7.17, 5.95, 7.67, 6.22, 7.63, 6.32, 7.64, 6.64, 6.27, 6.55, 7.31, 6.27, 7.19, 7.03, 6.0]

Generation: 7:
 Best_position=[2.02, 3.0, 1.76, 43.15] | Best_fitness=8.49 | Average_fitness=7.19 | Fitness_value=[7.48, 8.49, 7.2, 7.76, 7.62, 7.44, 6.0, 7.78, 6.36, 7.62, 6.74, 7.69, 6.72, 6.3, 6.55, 7.83, 6.21, 7.57, 7.88, 6.58]

Generation: 8:
 Best_position=[2.12, 2.88, 1.81, 42.59] | Best_fitness=8.24 | Average_fitness=7.22 | Fitness_value=[7.7, 7.78, 6.74, 8.0, 7.38, 7.39, 6.36, 8.24, 5.93, 7.87, 7.7, 7.93, 6.78, 6.12, 6.48, 7.65, 7.14, 7.15, 7.66, 6.45]

Generation: 9:
 Best_position=[2.25, 3.03, 2.28, 40.6] | Best_fitness=8.43 | Average_fitness=7.2 | Fitness_value=[8.2, 7.57, 6.5, 8.33, 7.17, 7.91, 6.16, 7.62, 6.73, 7.54, 7.22, 8.43, 6.63, 5.73, 6.3, 8.13, 6.83, 7.15, 7.45, 6.45]

Generation: 10:
 Best_position=[1.9, 2.86, 1.28, 43.52] | Best_fitness=8.37 | Average_fitness=7.09 | Fitness_value=[7.51, 8.37, 6.98, 7.61, 7.22, 7.77, 6.19, 7.97, 5.65, 7.76, 6.52, 7.71, 6.57, 6.05, 6.75, 7.59, 6.46, 7.42, 7.86, 5.88]

Generation: 11:
 Best_position=[1.88, 2.83, 1.18, 43.54] | Best_fitness=8.04 | Average_fitness=7.12 | Fitness_value=[7.56, 8.04, 6.96, 7.75, 7.07, 7.56, 6.23, 7.04, 6.62, 7.64, 6.53, 7.56, 6.64, 6.03, 6.71, 8.02, 6.68, 7.37, 7.61, 6.69]

Generation: 12:
 Best_position=[1.86, 2.81, 1.12, 43.55] | Best_fitness=8.17 | Average_fitness=7.16 | Fitness_value=[7.73, 8.17, 7.12, 7.75, 6.84, 7.66, 6.38, 7.28, 6.16, 7.61, 6.9, 7.8, 7.02, 5.95, 6.81, 7.97, 6.48, 7.49, 7.67, 6.5]

Generation: 13:
 Best_position=[2.24, 2.7, 1.82, 41.76] | Best_fitness=8.13 | Average_fitness=7.19 | Fitness_value=[7.59, 7.89, 7.15, 8.09, 6.84, 7.55, 6.56, 8.13, 5.6, 7.75, 7.67, 7.98, 6.8, 5.78, 6.76, 7.93, 6.64, 7.15, 7.56, 6.41]

Generation: 14:
 Best_position=[2.17, 2.62, 1.55, 42.05] | Best_fitness=8.1 | Average_fitness=7.21 | Fitness_value=[7.19, 7.9, 7.09, 8.1, 7.26, 7.75, 6.16, 8.0, 6.16, 7.67, 7.42, 7.84, 6.48, 6.05, 6.96, 8.02, 6.92, 7.23, 7.79, 6.12]

Generation: 15:
 Best_position=[1.91, 2.74, 1.11, 43.24] | Best_fitness=8.02 | Average_fitness=7.26 | Fitness_value=[7.4, 8.02, 6.82, 7.7, 7.16, 7.6, 6.44, 7.9, 5.73, 7.73, 7.31, 7.88, 7.17, 6.52, 6.72, 8.01, 6.77, 7.28, 7.88, 7.17]

Generation: 16:
 Best_position=[1.93, 2.72, 1.14, 43.11] | Best_fitness=8.41 | Average_fitness=7.26 | Fitness_value=[7.71, 8.41, 7.04, 7.42, 7.24, 7.16, 6.4, 7.85, 6.01, 7.9, 6.78, 8.06, 7.12, 6.48, 6.91, 7.98, 6.68, 7.5, 7.73, 6.8]

Generation: 17:
 Best_position=[2.2, 2.69, 1.7, 41.88] | Best_fitness=7.94 | Average_fitness=7.19 | Fitness_value=[7.68, 7.6, 7.26, 7.79, 7.02, 7.13, 6.29, 7.94, 6.12, 7.62, 6.52, 7.7, 7.36, 6.21, 6.82, 7.87, 6.86, 7.35, 7.7, 6.94]

Generation: 18:
 Best_position=[1.98, 2.7, 1.21, 42.85] | Best_fitness=8.34 | Average_fitness=7.21 | Fitness_value=[7.73, 8.34, 7.26, 7.76, 7.46, 6.99, 6.03, 7.7, 5.61, 7.84, 7.11, 7.87, 6.77, 6.17, 6.81, 8.08, 6.68, 7.56, 7.63, 6.72]

Generation: 19:
 Best_position=[2.03, 2.73, 1.07, 45.42] | Best_fitness=8.12 | Average_fitness=7.21 | Fitness_value=[7.73, 7.96, 7.17, 7.71, 6.99, 7.07, 6.13, 7.69, 6.26, 7.73, 7.14, 7.56, 6.63, 6.49, 6.73, 8.12, 6.86, 7.6, 7.49, 7.04]

Generation: 20:
 Best_position=[2.02, 2.71, 1.04, 45.32] | Best_fitness=8.23 | Average_fitness=7.22 | Fitness_value=[7.64, 7.8, 6.99, 8.09, 7.36, 7.04, 5.95, 7.85, 6.03, 7.99, 6.9, 7.69, 6.63, 6.54, 6.68, 8.23, 6.75, 7.62, 7.7, 6.9]

Generation: 21:
 Best_position=[2.14, 2.69, 1.52, 42.6] | Best_fitness=8.38 | Average_fitness=7.26 | Fitness_value=[7.57, 7.45, 7.18, 7.92, 7.22, 7.0, 6.42, 8.38, 6.01, 7.99, 7.05, 8.04, 6.78, 6.56, 6.89, 7.7, 6.82, 7.43, 7.52, 7.16]

Generation: 22:
 Best_position=[2.05, 2.72, 1.36, 43.06] | Best_fitness=7.95 | Average_fitness=7.12 | Fitness_value=[7.49, 7.52, 7.1, 7.95, 6.89, 7.09, 6.09, 7.72, 5.92, 7.73, 7.2, 7.62, 6.49, 6.4, 6.76, 7.83, 6.7, 7.36, 7.37, 7.22]

Generation: 23:
 Best_position=[2.05, 2.72, 1.35, 43.19] | Best_fitness=7.77 | Average_fitness=7.12 | Fitness_value=[7.47, 7.73, 7.06, 7.77, 7.42, 7.07, 6.25, 7.76, 6.06, 7.65, 6.61, 7.25, 6.97, 6.58, 6.84, 7.3, 6.86, 7.42, 7.46, 6.77]

Generation: 24:
 Best_position=[2.02, 2.69, 1.11, 44.31] | Best_fitness=8.07 | Average_fitness=7.14 | Fitness_value=[7.46, 7.96, 7.02, 7.97, 7.23, 7.04, 6.0, 7.63, 5.79, 7.75, 6.92, 7.6, 6.65, 6.28, 6.51, 8.07, 6.9, 7.41, 7.87, 6.66]

Generation: 25:
 Best_position=[2.05, 2.73, 1.32, 43.39] | Best_fitness=7.92 | Average_fitness=7.21 | Fitness_value=[7.37, 7.61, 6.95, 7.92, 7.22, 7.07, 6.18, 7.79, 6.13, 7.73, 7.13, 7.76, 6.95, 6.48, 6.88, 7.81, 7.26, 7.43, 7.48, 7.07]

Generation: 26:
 Best_position=[2.05, 2.73, 1.31, 43.44] | Best_fitness=8.32 | Average_fitness=7.26 | Fitness_value=[7.5, 7.6, 7.11, 8.32, 7.24, 7.06, 6.23, 7.81, 6.37, 7.92, 7.08, 7.73, 6.92, 6.48, 6.86, 8.06, 6.96, 7.47, 7.46, 7.07]

Generation: 27:
 Best_position=[2.05, 2.73, 1.31, 43.49] | Best_fitness=8.0 | Average_fitness=7.26 | Fitness_value=[7.5, 7.55, 7.11, 8.0, 7.22, 7.03, 6.14, 7.97, 6.36, 7.78, 7.01, 7.91, 6.96, 6.58, 7.17, 7.72, 7.06, 7.42, 7.4, 7.25]

Generation: 28:
 Best_position=[2.01, 2.66, 1.07, 43.94] | Best_fitness=8.22 | Average_fitness=7.27 | Fitness_value=[7.51, 7.61, 7.23, 8.13, 7.39, 7.0, 6.25, 7.98, 6.5, 7.74, 6.51, 8.22, 6.93, 6.4, 7.17, 8.1, 6.9, 7.31, 7.43, 7.17]

Generation: 29:
 Best_position=[2.05, 2.73, 1.29, 43.55] | Best_fitness=8.11 | Average_fitness=7.24 | Fitness_value=[7.57, 7.59, 7.14, 8.11, 7.27, 7.16, 6.02, 7.65, 6.46, 7.86, 6.74, 8.07, 6.95, 6.43, 7.22, 8.1, 6.88, 7.1, 7.41, 7.09]

Generation: 30:
 Best_position=[2.01, 2.68, 1.1, 43.95] | Best_fitness=8.03 | Average_fitness=7.17 | Fitness_value=[7.56, 7.61, 7.13, 7.97, 7.26, 7.13, 5.93, 7.68, 6.07, 7.89, 6.99, 8.03, 6.79, 6.62, 6.85, 7.81, 6.68, 7.12, 7.24, 7.0]

Generation: 31:
 Best_position=[2.04, 2.7, 1.25, 43.43] | Best_fitness=8.06 | Average_fitness=7.19 | Fitness_value=[7.61, 7.59, 7.02, 7.78, 7.02, 7.13, 5.68, 7.84, 6.46, 7.92, 6.89, 8.01, 6.81, 6.4, 7.12, 8.06, 6.97, 7.34, 7.24, 6.83]

Generation: 32:
 Best_position=[2.04, 2.72, 1.28, 43.58] | Best_fitness=8.16 | Average_fitness=7.2 | Fitness_value=[7.57, 7.15, 7.12, 8.16, 7.02, 7.13, 5.95, 7.69, 6.47, 7.88, 6.89, 8.08, 6.8, 6.53, 7.05, 8.12, 6.86, 7.38, 7.25, 6.81]

Generation: 33:
 Best_position=[2.02, 2.69, 1.15, 43.84] | Best_fitness=8.19 | Average_fitness=7.2 | Fitness_value=[7.6, 7.22, 6.99, 7.95, 7.01, 7.14, 5.96, 7.72, 6.25, 7.88, 6.89, 8.19, 6.9, 6.53, 6.96, 8.07, 7.08, 7.44, 7.51, 6.72]

Generation: 34:
 Best_position=[2.03, 2.69, 1.17, 43.79] | Best_fitness=8.13 | Average_fitness=7.17 | Fitness_value=[7.63, 7.21, 6.99, 7.77, 7.4, 7.15, 5.95, 7.72, 6.04, 7.87, 6.88, 8.13, 6.57, 6.6, 6.94, 7.81, 6.97, 7.46, 7.43, 6.79]

Generation: 35:
 Best_position=[2.04, 2.7, 1.25, 43.44] | Best_fitness=8.07 | Average_fitness=7.18 | Fitness_value=[7.52, 7.6, 7.0, 8.02, 6.99, 7.08, 6.24, 7.68, 5.99, 7.91, 6.83, 8.05, 6.81, 6.65, 7.07, 8.07, 6.92, 7.17, 7.38, 6.67]

Generation: 36:
 Best_position=[2.03, 2.7, 1.2, 43.73] | Best_fitness=8.09 | Average_fitness=7.17 | Fitness_value=[7.38, 7.6, 7.01, 7.76, 6.99, 7.08, 6.23, 7.68, 6.03, 7.91, 7.0, 8.09, 6.92, 6.5, 7.06, 8.07, 6.95, 7.17, 7.38, 6.68]

Generation: 37:
 Best_position=[2.04, 2.7, 1.25, 43.48] | Best_fitness=8.08 | Average_fitness=7.26 | Fitness_value=[7.51, 7.54, 7.06, 8.01, 7.3, 7.04, 6.62, 7.72, 6.09, 7.87, 7.22, 8.01, 6.78, 6.56, 7.14, 8.08, 6.95, 7.36, 7.49, 6.8]

Generation: 38:
 Best_position=[2.03, 2.71, 1.22, 43.69] | Best_fitness=8.11 | Average_fitness=7.27 | Fitness_value=[7.57, 7.54, 7.06, 8.11, 7.3, 7.04, 6.62, 7.71, 6.41, 7.87, 7.02, 7.99, 7.07, 6.55, 7.13, 8.08, 6.75, 7.39, 7.48, 6.74]

Generation: 39:
 Best_position=[2.04, 2.7, 1.24, 43.54] | Best_fitness=8.09 | Average_fitness=7.2 | Fitness_value=[7.22, 7.48, 7.1, 7.88, 7.02, 7.07, 6.26, 7.66, 6.6, 7.93, 6.74, 7.99, 6.81, 6.62, 7.13, 8.09, 6.79, 7.35, 7.38, 6.96]

Generation: 40:
 Best_position=[2.03, 2.7, 1.21, 43.7] | Best_fitness=8.25 | Average_fitness=7.22 | Fitness_value=[7.46, 7.48, 7.24, 8.25, 7.37, 6.95, 6.54, 7.71, 6.52, 7.87, 6.48, 7.8, 6.6, 6.44, 6.83, 8.08, 6.82, 7.38, 7.64, 6.98]

Generation: 41:
 Best_position=[2.03, 2.7, 1.21, 43.7] | Best_fitness=8.25 | Average_fitness=7.17 | Fitness_value=[7.38, 7.55, 7.21, 8.25, 7.1, 6.95, 6.2, 7.72, 6.02, 7.87, 6.4, 8.07, 6.87, 6.42, 6.8, 8.07, 6.82, 7.23, 7.63, 6.92]

Generation: 42:
 Best_position=[2.03, 2.7, 1.21, 43.69] | Best_fitness=8.08 | Average_fitness=7.19 | Fitness_value=[7.22, 7.91, 7.21, 8.08, 7.22, 6.95, 6.2, 7.73, 6.07, 7.88, 6.42, 7.87, 7.17, 6.35, 6.8, 8.07, 6.74, 7.23, 7.65, 6.95]

Generation: 43:
 Best_position=[2.04, 2.71, 1.24, 43.58] | Best_fitness=8.11 | Average_fitness=7.27 | Fitness_value=[7.36, 7.51, 7.23, 8.02, 7.5, 6.95, 6.53, 7.9, 6.42, 7.89, 6.77, 8.11, 6.92, 6.41, 6.72, 8.07, 7.01, 7.45, 7.64, 7.03]

Generation: 44:
 Best_position=[2.03, 2.7, 1.22, 43.66] | Best_fitness=8.07 | Average_fitness=7.21 | Fitness_value=[7.36, 7.54, 7.16, 7.83, 7.34, 6.94, 6.2, 7.85, 6.35, 7.89, 6.6, 8.01, 7.07, 6.37, 6.76, 8.07, 6.76, 7.45, 7.63, 6.96]

Generation: 45:
 Best_position=[2.03, 2.7, 1.22, 43.67] | Best_fitness=8.07 | Average_fitness=7.2 | Fitness_value=[7.42, 7.57, 7.15, 7.96, 7.34, 6.95, 6.2, 7.67, 6.48, 7.89, 6.72, 7.82, 6.67, 6.39, 6.61, 8.07, 7.01, 7.46, 7.62, 7.03]

Generation: 46:
 Best_position=[2.03, 2.7, 1.21, 43.67] | Best_fitness=7.93 | Average_fitness=7.16 | Fitness_value=[7.42, 7.57, 7.17, 7.93, 7.34, 6.93, 6.4, 7.72, 6.04, 7.88, 6.68, 7.82, 6.75, 6.35, 6.72, 7.86, 6.83, 7.45, 7.62, 6.74]

Generation: 47:
 Best_position=[2.04, 2.71, 1.24, 43.59] | Best_fitness=8.11 | Average_fitness=7.15 | Fitness_value=[7.38, 7.24, 7.17, 8.02, 7.34, 6.93, 6.35, 7.77, 6.17, 7.79, 6.69, 8.11, 6.26, 6.49, 6.72, 7.73, 7.09, 7.45, 7.61, 6.74]

Generation: 48:
 Best_position=[2.04, 2.71, 1.24, 43.59] | Best_fitness=8.11 | Average_fitness=7.15 | Fitness_value=[7.38, 7.24, 7.17, 8.02, 7.34, 6.93, 6.35, 7.77, 6.17, 7.78, 6.69, 8.11, 6.26, 6.49, 6.72, 7.73, 7.09, 7.45, 7.61, 6.74]

Generation: 49:
 Best_position=[2.04, 2.71, 1.24, 43.59] | Best_fitness=8.09 | Average_fitness=7.15 | Fitness_value=[7.39, 7.29, 7.0, 8.02, 7.34, 6.95, 6.35, 7.73, 6.18, 7.78, 6.71, 8.09, 6.36, 6.49, 6.72, 7.73, 7.07, 7.45, 7.62, 6.82]

Generation: 50:
 Best_position=[2.04, 2.71, 1.24, 43.6] | Best_fitness=8.01 | Average_fitness=7.17 | Fitness_value=[7.38, 7.32, 7.17, 7.89, 7.22, 6.95, 6.35, 7.8, 6.16, 7.77, 6.69, 8.01, 6.71, 6.31, 6.72, 7.7, 7.04, 7.84, 7.65, 6.74]

Generation: 51:
 Best_position=[2.03, 2.7, 1.23, 43.62] | Best_fitness=8.09 | Average_fitness=7.2 | Fitness_value=[7.4, 7.32, 7.0, 8.09, 7.24, 6.96, 6.35, 7.79, 6.17, 7.93, 6.75, 8.05, 6.48, 6.34, 6.78, 7.73, 7.19, 7.85, 7.72, 6.87]

Generation: 52:
 Best_position=[2.04, 2.7, 1.23, 43.61] | Best_fitness=8.35 | Average_fitness=7.24 | Fitness_value=[7.4, 7.32, 7.0, 8.35, 7.24, 6.96, 6.35, 7.79, 6.65, 7.93, 6.75, 8.06, 6.54, 6.34, 6.78, 8.07, 7.14, 7.46, 7.71, 6.87]

Generation: 53:
 Best_position=[2.03, 2.7, 1.22, 43.65] | Best_fitness=8.07 | Average_fitness=7.24 | Fitness_value=[7.4, 7.32, 7.0, 8.02, 7.22, 6.96, 6.35, 7.79, 6.64, 7.98, 6.68, 8.05, 6.54, 6.35, 6.72, 8.07, 7.15, 7.85, 7.69, 6.96]

Generation: 54:
 Best_position=[2.03, 2.7, 1.22, 43.65] | Best_fitness=8.07 | Average_fitness=7.22 | Fitness_value=[7.4, 7.32, 7.14, 7.89, 7.22, 6.96, 6.35, 7.74, 6.16, 7.88, 6.69, 8.0, 6.79, 6.35, 6.72, 8.07, 7.19, 7.85, 7.68, 6.92]

Generation: 55:
 Best_position=[2.03, 2.7, 1.22, 43.65] | Best_fitness=8.08 | Average_fitness=7.2 | Fitness_value=[7.4, 7.3, 7.03, 8.06, 7.07, 7.06, 6.45, 7.75, 6.09, 7.87, 6.8, 7.87, 6.76, 6.36, 6.81, 8.08, 7.09, 7.46, 7.65, 7.01]

Generation: 56:
 Best_position=[2.03, 2.7, 1.22, 43.64] | Best_fitness=8.08 | Average_fitness=7.21 | Fitness_value=[7.4, 7.3, 7.16, 8.06, 7.07, 7.06, 6.45, 7.77, 6.09, 7.93, 6.8, 7.83, 6.76, 6.36, 6.81, 8.08, 7.14, 7.46, 7.65, 7.05]

Generation: 57:
 Best_position=[2.04, 2.7, 1.23, 43.62] | Best_fitness=8.16 | Average_fitness=7.22 | Fitness_value=[7.4, 7.3, 7.16, 8.16, 7.09, 7.06, 6.45, 7.76, 6.1, 7.92, 6.8, 7.83, 6.76, 6.36, 6.81, 8.08, 7.14, 7.46, 7.63, 7.05]

Generation: 58:
 Best_position=[2.03, 2.7, 1.23, 43.64] | Best_fitness=8.08 | Average_fitness=7.23 | Fitness_value=[7.4, 7.3, 7.18, 7.89, 7.09, 7.06, 6.44, 7.55, 6.11, 7.92, 6.8, 7.75, 6.96, 6.36, 6.81, 8.08, 7.29, 7.85, 7.65, 7.05]

Generation: 59:
 Best_position=[2.03, 2.7, 1.23, 43.64] | Best_fitness=8.08 | Average_fitness=7.23 | Fitness_value=[7.4, 7.3, 7.18, 7.89, 7.09, 7.05, 6.44, 7.55, 6.59, 7.92, 6.8, 7.75, 6.76, 6.36, 7.13, 8.08, 7.15, 7.46, 7.63, 7.05]


Number of generations: 60
 Best position: [2.03, 2.7, 1.23, 43.64]
 Fitness value: [7.4, 7.3, 7.18, 7.89, 7.09, 7.05, 6.44, 7.55, 6.59, 7.92, 6.8, 7.75, 6.76, 6.36, 7.13, 8.08, 7.15, 7.46, 7.63, 7.05]
 Best fitness value: 8.08
 Average fitness value: 7.23