Generation: 0:  Best position: [2.941203814406643, 1.14773005226059, 1.0382402069311467, 40.0],  Best fitness: [6.55, 6.53, 6.41, 5.39, 6.47, 5.44, 5.84, 5.94, 5.7, 3.95, 6.5, 4.76, 5.97, 3.83, 4.05, 6.57, 3.89, 4.62, 4.62, 5.87],  Average best fitness: 5.445000000000001
Generation: 1:  Best position: [2.561321818090662, 0.8211294967100892, 0.38217565897643657, 37.18790702406486],  Best fitness: [6.58, 6.64, 6.41, 5.48, 6.43, 5.59, 5.81, 6.06, 5.71, 4.55, 6.4, 4.72, 6.13, 4.78, 4.45, 6.57, 4.91, 4.77, 5.17, 5.9],  Average best fitness: 5.6530000000000005
Generation: 2:  Best position: [2.5776827604826997, 0.8351956881231843, 0.41043136569231126, 37.30901961067468],  Best fitness: [6.53, 6.58, 6.44, 5.61, 6.36, 5.82, 5.89, 6.26, 5.81, 5.19, 6.47, 5.41, 6.14, 5.47, 4.89, 6.57, 5.6, 5.64, 5.7, 5.92],  Average best fitness: 5.915
Generation: 3:  Best position: [2.8918112257178366, 1.1052651629994958, 0.9529381218502818, 39.63436921711995],  Best fitness: [6.61, 6.48, 6.42, 5.59, 6.39, 6.08, 6.06, 6.42, 6.17, 5.75, 6.44, 5.78, 6.22, 5.9, 5.25, 6.66, 5.83, 5.83, 6.03, 6.06],  Average best fitness: 6.0985
Generation: 4:  Best position: [2.9257942908972328, 1.6113961043911602, 1.979859904445176, 34.145675316896806],  Best fitness: [6.62, 6.52, 6.41, 6.04, 6.56, 6.11, 6.09, 6.52, 6.2, 5.95, 6.42, 6.02, 6.33, 6.14, 5.7, 6.62, 6.18, 6.2, 6.27, 6.23],  Average best fitness: 6.256500000000001
Generation: 5:  Best position: [2.914509432310346, 1.525857871993419, 1.806407976972782, 34.97492099922261],  Best fitness: [6.69, 6.65, 6.5, 6.11, 6.58, 6.13, 6.27, 6.51, 6.22, 6.18, 6.49, 6.22, 6.31, 6.38, 5.95, 6.66, 5.68, 6.5, 6.42, 6.41],  Average best fitness: 6.343
Generation: 6:  Best position: [2.904115361500527, 1.4470717323494517, 1.6466477458306177, 35.73870889026866],  Best fitness: [6.69, 6.46, 6.54, 6.38, 6.49, 6.39, 6.38, 6.61, 6.35, 6.26, 6.6, 6.27, 6.2, 6.62, 6.1, 6.63, 6.36, 6.42, 6.52, 6.41],  Average best fitness: 6.434
Generation: 7:  Best position: [2.89821870372363, 1.4023755866772105, 1.5560142080531658, 36.17201321251568],  Best fitness: [6.67, 6.64, 6.49, 6.63, 6.52, 6.22, 6.31, 6.59, 6.47, 6.45, 6.59, 6.35, 6.49, 6.59, 6.22, 6.65, 6.42, 6.6, 6.54, 6.48],  Average best fitness: 6.496
Generation: 8:  Best position: [3.0, 1.0043473429424015, 0.2, 35.950968082025646],  Best fitness: [6.56, 6.52, 6.48, 6.53, 6.58, 6.42, 6.43, 6.63, 6.68, 6.6, 6.68, 6.55, 6.61, 6.54, 6.12, 6.52, 6.48, 6.88, 6.41, 6.46],  Average best fitness: 6.534000000000001
Generation: 9:  Best position: [3.0, 0.981121127652731, 0.2, 35.33434337968602],  Best fitness: [6.62, 6.59, 6.58, 6.6, 6.56, 6.58, 6.48, 6.67, 6.68, 6.58, 6.49, 6.6, 6.62, 6.65, 5.93, 6.5, 6.48, 6.88, 6.5, 6.43],  Average best fitness: 6.550999999999999
Generation: 10:  Best position: [3.0, 0.9680177088708466, 0.2, 34.98646527706616],  Best fitness: [6.64, 6.48, 6.47, 6.68, 6.56, 6.65, 6.67, 6.61, 6.65, 6.58, 6.59, 6.58, 6.53, 6.73, 6.64, 6.58, 6.71, 6.87, 6.69, 6.63],  Average best fitness: 6.627
Generation: 11:  Best position: [3.0, 1.2096858836855926, 0.2, 46.5070443226927],  Best fitness: [6.5, 6.54, 6.47, 7.0, 6.59, 6.63, 6.49, 6.69, 6.56, 6.68, 6.63, 6.55, 6.72, 6.65, 6.63, 6.54, 6.72, 6.92, 6.65, 6.46],  Average best fitness: 6.631
Generation: 12:  Best position: [3.0, 1.2007534736870562, 0.2, 47.19730461551488],  Best fitness: [6.66, 6.67, 6.62, 6.99, 6.69, 6.69, 6.62, 6.77, 6.61, 6.68, 6.69, 6.64, 6.81, 6.71, 6.6, 6.52, 6.69, 6.85, 6.64, 6.7],  Average best fitness: 6.6925
Generation: 13:  Best position: [3.0, 1.1957991525535598, 0.2, 47.5801543903128],  Best fitness: [6.64, 6.7, 6.66, 7.0, 6.57, 6.72, 6.6, 6.06, 6.73, 6.66, 6.73, 6.77, 6.76, 6.67, 6.73, 6.61, 6.56, 6.92, 6.76, 6.46],  Average best fitness: 6.6655
Generation: 14:  Best position: [3.0, 1.1918808030742656, 0.2, 47.882948491725564],  Best fitness: [6.63, 6.53, 6.73, 7.0, 6.76, 6.7, 6.51, 6.76, 6.7, 6.58, 6.75, 6.56, 6.9, 6.11, 6.71, 6.63, 6.59, 6.95, 6.75, 6.63],  Average best fitness: 6.674000000000001
Generation: 15:  Best position: [3.0, 1.1891931899317865, 0.2, 48.09063629770675],  Best fitness: [6.74, 6.7, 6.68, 7.0, 6.74, 6.79, 6.77, 6.67, 6.84, 6.61, 6.75, 6.73, 6.97, 6.71, 6.66, 6.71, 6.67, 6.97, 6.74, 6.7],  Average best fitness: 6.7574999999999985
Generation: 16:  Best position: [3.0, 1.187629874540236, 0.2, 48.21144294900487],  Best fitness: [6.95, 6.7, 6.68, 7.0, 6.62, 6.77, 6.86, 6.72, 6.67, 6.7, 6.7, 6.85, 6.95, 6.64, 6.73, 6.69, 6.66, 6.95, 6.71, 6.64],  Average best fitness: 6.7595
Generation: 17:  Best position: [3.0, 1.1866628800749845, 0.2, 48.28616834594156],  Best fitness: [6.94, 6.79, 6.7, 7.01, 6.68, 6.81, 6.99, 6.61, 6.74, 6.68, 6.76, 6.87, 7.0, 6.88, 6.81, 6.74, 6.66, 6.97, 6.71, 6.83],  Average best fitness: 6.809
Generation: 18:  Best position: [3.0, 1.1858971445508173, 0.2, 48.34534127096657],  Best fitness: [6.93, 6.76, 6.74, 6.99, 6.94, 6.78, 6.93, 6.64, 6.79, 6.89, 6.74, 6.94, 6.94, 6.9, 6.85, 6.99, 6.75, 6.89, 6.72, 6.78],  Average best fitness: 6.844500000000001
Generation: 19:  Best position: [3.0, 1.1929210731164803, 0.2, 47.831397285236434],  Best fitness: [6.91, 6.81, 6.74, 7.03, 6.86, 6.87, 6.98, 6.92, 6.9, 7.0, 6.79, 6.96, 6.98, 6.92, 6.76, 6.97, 6.63, 7.06, 6.63, 6.75],  Average best fitness: 6.8735
Generation: 20:  Best position: [3.0, 1.277284124208192, 0.2055855026575959, 48.46006717118691],  Best fitness: [6.93, 6.69, 6.87, 7.02, 6.95, 7.04, 7.04, 6.95, 6.68, 6.97, 6.83, 6.93, 6.92, 6.94, 6.79, 6.96, 6.75, 7.0, 6.59, 6.69],  Average best fitness: 6.877
Generation: 21:  Best position: [3.0, 1.1935196517236386, 0.2, 48.28511406999868],  Best fitness: [6.94, 6.68, 6.89, 7.02, 6.9, 7.03, 7.07, 7.0, 6.97, 6.98, 6.84, 6.97, 6.94, 6.97, 6.91, 6.98, 6.83, 6.92, 6.76, 6.96],  Average best fitness: 6.928
Generation: 22:  Best position: [3.0, 1.1927020595790547, 0.2, 48.38078241669063],  Best fitness: [6.96, 6.7, 6.89, 7.03, 6.92, 7.02, 6.94, 6.97, 7.01, 6.97, 6.79, 6.95, 6.93, 6.99, 6.96, 6.98, 6.98, 7.03, 7.05, 6.97],  Average best fitness: 6.952
Generation: 23:  Best position: [3.0, 1.2353721316259505, 0.2, 49.09407807065978],  Best fitness: [7.01, 6.98, 6.97, 6.99, 6.86, 7.05, 6.97, 7.01, 7.0, 6.95, 6.79, 6.9, 6.94, 6.95, 6.95, 6.97, 6.98, 7.03, 7.02, 6.97],  Average best fitness: 6.964499999999999
Generation: 24:  Best position: [3.0, 1.2309522092195326, 0.2, 49.911421326496956],  Best fitness: [6.9, 7.01, 6.94, 7.0, 6.91, 7.02, 6.94, 7.02, 6.97, 6.91, 6.91, 6.91, 6.99, 6.91, 6.94, 6.96, 6.96, 7.03, 7.03, 6.97],  Average best fitness: 6.961499999999999
Generation: 25:  Best position: [3.0, 1.272092781357912, 0.2, 50],  Best fitness: [6.97, 6.99, 6.89, 6.91, 6.93, 7.01, 7.0, 7.03, 7.0, 6.98, 7.02, 7.02, 7.0, 6.92, 7.01, 6.9, 6.91, 6.98, 7.04, 6.99],  Average best fitness: 6.975
Generation: 26:  Best position: [3.0, 1.2578799102393006, 0.2, 50],  Best fitness: [6.97, 6.95, 6.95, 6.94, 6.9, 6.99, 6.97, 7.06, 7.0, 6.99, 6.94, 6.93, 6.98, 7.04, 6.98, 6.92, 6.95, 7.05, 7.05, 7.0],  Average best fitness: 6.978
Generation: 27:  Best position: [3.0, 1.261200308714215, 0.2, 50],  Best fitness: [6.94, 7.01, 7.01, 7.0, 6.98, 7.0, 6.97, 7.07, 6.97, 7.0, 6.98, 6.97, 6.96, 7.04, 7.01, 6.94, 6.92, 7.05, 7.04, 7.0],  Average best fitness: 6.992999999999999
Generation: 28:  Best position: [3.0, 1.263697630440296, 0.2, 50],  Best fitness: [7.01, 7.0, 6.98, 6.98, 6.94, 6.98, 7.02, 7.04, 6.97, 6.88, 6.97, 7.03, 7.03, 7.03, 6.98, 6.98, 7.0, 7.04, 6.98, 6.97],  Average best fitness: 6.9905
Generation: 29:  Best position: [3.0, 1.2422367782037727, 0.2, 50],  Best fitness: [6.92, 6.98, 7.02, 6.94, 6.99, 6.99, 7.04, 7.03, 6.95, 6.98, 7.03, 7.02, 7.01, 7.04, 7.04, 7.01, 6.88, 7.05, 6.99, 7.05],  Average best fitness: 6.998
Generation: 30:  Best position: [3.0, 1.2357796474489482, 0.2, 49.77692210869411],  Best fitness: [7.01, 6.88, 6.98, 7.03, 6.97, 6.98, 7.05, 7.02, 7.02, 6.99, 6.98, 7.03, 7.02, 7.01, 6.99, 6.97, 7.03, 7.02, 6.99, 7.03],  Average best fitness: 7.0
Generation: 31:  Best position: [3.0, 1.2400125327342253, 0.2, 49.78534119830647],  Best fitness: [6.86, 7.03, 7.04, 7.04, 6.97, 7.03, 7.04, 7.03, 7.03, 7.04, 7.04, 7.02, 7.02, 6.98, 7.03, 7.03, 7.04, 7.02, 7.01, 7.04],  Average best fitness: 7.017
Generation: 32:  Best position: [3.0, 1.2588338720363559, 0.2, 50],  Best fitness: [7.03, 7.03, 6.99, 7.05, 7.03, 7.03, 7.04, 7.03, 7.01, 7.05, 7.01, 7.04, 7.06, 7.04, 7.04, 6.98, 7.0, 7.0, 7.04, 7.04],  Average best fitness: 7.026999999999999
Generation: 33:  Best position: [3.0, 1.252671126848759, 0.2, 50],  Best fitness: [7.04, 7.05, 7.06, 7.04, 7.04, 7.03, 7.02, 7.06, 7.05, 7.02, 7.01, 7.03, 7.06, 7.05, 7.05, 7.04, 7.03, 6.99, 7.02, 7.04],  Average best fitness: 7.036499999999999
Generation: 34:  Best position: [3.0, 1.2679585516334622, 0.2, 50],  Best fitness: [6.99, 7.04, 7.04, 7.01, 7.01, 6.98, 7.0, 7.05, 7.04, 7.07, 7.02, 6.98, 7.05, 7.04, 7.05, 7.0, 7.03, 7.01, 7.06, 7.04],  Average best fitness: 7.025499999999999
Generation: 35:  Best position: [3.0, 1.2501168320682077, 0.2, 49.97341071487601],  Best fitness: [7.01, 7.02, 7.05, 7.0, 7.03, 7.05, 7.06, 7.06, 7.04, 7.05, 7.03, 6.97, 7.04, 7.05, 7.05, 7.04, 7.05, 7.03, 7.02, 7.04],  Average best fitness: 7.0344999999999995
Generation: 36:  Best position: [3.0, 1.2611669318918863, 0.2, 50],  Best fitness: [7.04, 7.01, 7.06, 7.03, 7.05, 7.04, 7.03, 7.04, 7.04, 7.05, 7.03, 7.02, 7.04, 7.03, 7.03, 7.02, 7.05, 7.03, 7.03, 7.03],  Average best fitness: 7.034999999999999
Generation: 37:  Best position: [3.0, 1.2768249426639648, 0.2, 50],  Best fitness: [7.03, 7.03, 7.06, 7.06, 7.03, 7.04, 7.04, 7.02, 6.99, 7.04, 7.06, 7.08, 7.04, 7.04, 7.04, 7.06, 7.05, 7.06, 7.04, 6.99],  Average best fitness: 7.040000000000001
Generation: 38:  Best position: [3.0, 1.261413434887769, 0.2, 50],  Best fitness: [7.06, 7.04, 7.04, 7.02, 7.02, 7.01, 7.05, 7.03, 7.01, 7.04, 7.05, 7.05, 7.02, 7.07, 7.02, 7.05, 7.04, 7.03, 7.03, 7.04],  Average best fitness: 7.036
Generation: 39:  Best position: [3.0, 1.2608167376471147, 0.2, 50],  Best fitness: [7.05, 7.05, 7.03, 7.05, 7.05, 7.02, 7.04, 7.03, 7.0, 7.04, 7.06, 7.04, 7.03, 7.05, 7.04, 7.02, 7.03, 7.02, 7.03, 7.05],  Average best fitness: 7.036499999999999
Generation: 40:  Best position: [3.0, 1.2614951577378393, 0.2, 50],  Best fitness: [7.04, 7.05, 7.03, 7.07, 7.04, 6.99, 7.04, 7.03, 7.03, 7.04, 7.05, 7.06, 7.03, 7.05, 7.02, 7.02, 7.02, 7.05, 7.03, 7.05],  Average best fitness: 7.037000000000001
Generation: 41:  Best position: [3.0, 1.2679505344662514, 0.2, 50],  Best fitness: [7.04, 7.05, 7.04, 7.03, 7.04, 7.01, 7.04, 7.02, 7.04, 7.05, 7.02, 7.07, 7.03, 7.05, 7.02, 7.04, 7.03, 7.05, 7.06, 7.04],  Average best fitness: 7.038499999999999
Generation: 42:  Best position: [3.0, 1.2575120740997505, 0.2, 49.994973651919594],  Best fitness: [7.04, 7.03, 7.02, 7.04, 7.04, 7.04, 7.04, 7.06, 7.03, 7.05, 7.04, 7.03, 7.03, 7.05, 7.02, 7.04, 7.04, 7.06, 7.02, 7.03],  Average best fitness: 7.0375
Generation: 43:  Best position: [3.0, 1.2694549566236129, 0.2, 50],  Best fitness: [7.04, 7.04, 7.04, 7.04, 7.04, 7.06, 7.04, 7.05, 7.03, 7.04, 7.04, 7.04, 7.03, 7.05, 7.02, 7.09, 7.03, 7.05, 7.02, 7.02],  Average best fitness: 7.0405
Generation: 44:  Best position: [3.0, 1.2692977387179112, 0.2, 50],  Best fitness: [7.03, 7.04, 7.04, 7.04, 7.08, 7.02, 7.04, 7.06, 7.02, 7.05, 7.02, 7.03, 7.03, 7.05, 7.02, 7.06, 7.03, 7.04, 7.05, 7.03],  Average best fitness: 7.039
Generation: 45:  Best position: [3.0, 1.269433065914577, 0.2, 49.997734588932836],  Best fitness: [7.09, 7.02, 7.04, 7.02, 7.09, 7.05, 7.07, 7.04, 7.05, 7.02, 7.02, 7.02, 7.04, 7.05, 7.02, 7.05, 7.03, 7.03, 7.05, 7.06],  Average best fitness: 7.043000000000001
Generation: 46:  Best position: [3.0, 1.269754863343767, 0.2, 50],  Best fitness: [7.09, 7.03, 7.04, 7.03, 7.09, 7.04, 7.04, 7.03, 7.05, 7.04, 7.05, 7.02, 7.03, 7.04, 7.02, 7.06, 7.02, 7.03, 7.06, 7.05],  Average best fitness: 7.043000000000001
Generation: 47:  Best position: [3.0, 1.2695120911064552, 0.2, 50],  Best fitness: [7.08, 7.04, 7.02, 7.03, 7.09, 7.05, 7.04, 7.03, 7.05, 7.04, 7.03, 7.03, 7.05, 7.02, 7.03, 7.04, 7.04, 7.04, 7.02, 7.02],  Average best fitness: 7.039500000000001
Generation: 48:  Best position: [3.0, 1.2695410138292376, 0.2, 50],  Best fitness: [7.05, 7.01, 7.02, 7.02, 7.09, 7.05, 7.04, 7.05, 7.04, 7.02, 7.04, 7.02, 7.04, 7.02, 7.01, 7.04, 7.05, 7.04, 7.04, 7.04],  Average best fitness: 7.036499999999999
Generation: 49:  Best position: [3.0, 1.26955770197629, 0.2, 50],  Best fitness: [7.05, 7.03, 7.01, 7.03, 7.09, 7.04, 7.04, 7.04, 7.03, 7.03, 7.04, 7.03, 7.04, 7.05, 7.05, 7.04, 7.04, 7.09, 7.03, 7.04],  Average best fitness: 7.042
Generation: 50:  Best position: [3.0, 1.2695670510112913, 0.2, 50],  Best fitness: [7.05, 7.04, 7.04, 7.05, 7.09, 7.05, 7.04, 7.09, 7.04, 7.04, 7.09, 7.05, 7.03, 7.04, 7.04, 7.04, 7.04, 7.06, 7.04, 7.03],  Average best fitness: 7.0495
Generation: 51:  Best position: [3.0, 1.2695723622299229, 0.2, 50],  Best fitness: [7.05, 7.05, 7.04, 7.04, 7.09, 7.05, 7.03, 7.06, 7.02, 7.05, 7.05, 7.04, 7.09, 7.09, 7.04, 7.05, 7.04, 7.06, 7.02, 7.03],  Average best fitness: 7.0495
Generation: 52:  Best position: [3.0, 1.2695755974696736, 0.2, 50],  Best fitness: [7.05, 7.04, 7.04, 7.04, 7.09, 7.05, 7.09, 7.05, 7.02, 7.04, 7.05, 7.04, 7.06, 7.05, 7.04, 7.05, 7.04, 7.05, 7.05, 7.02],  Average best fitness: 7.048
Generation: 53:  Best position: [3.0, 1.269578537275608, 0.2, 50],  Best fitness: [7.05, 7.07, 7.04, 7.04, 7.09, 7.05, 7.09, 7.04, 7.05, 7.04, 7.04, 7.04, 7.05, 7.05, 7.04, 7.03, 7.03, 7.05, 7.02, 7.02],  Average best fitness: 7.0465
Generation: 54:  Best position: [3.0, 1.2695805175130985, 0.2, 50],  Best fitness: [7.06, 7.04, 7.04, 7.04, 7.09, 7.05, 7.09, 7.04, 7.04, 7.04, 7.05, 7.03, 7.05, 7.04, 7.09, 7.05, 7.08, 7.05, 7.04, 7.04],  Average best fitness: 7.052499999999999
Generation: 55:  Best position: [3.0, 1.269581620918098, 0.2, 50],  Best fitness: [7.08, 7.04, 7.04, 7.04, 7.09, 7.05, 7.09, 7.04, 7.04, 7.04, 7.05, 7.08, 7.05, 7.04, 7.05, 7.03, 7.09, 7.05, 7.04, 7.04],  Average best fitness: 7.0535
Generation: 56:  Best position: [3.0, 1.2695826329626247, 0.2, 50],  Best fitness: [7.06, 7.04, 7.04, 7.08, 7.09, 7.05, 7.06, 7.04, 7.08, 7.09, 7.05, 7.09, 7.05, 7.04, 7.05, 7.06, 7.09, 7.05, 7.09, 7.04],  Average best fitness: 7.061999999999999
Generation: 57:  Best position: [3.0, 1.2697434187057954, 0.2, 50],  Best fitness: [7.09, 7.04, 7.04, 7.09, 7.09, 7.03, 7.06, 7.05, 7.05, 7.09, 7.05, 7.09, 7.05, 7.04, 7.05, 7.06, 7.06, 7.05, 7.05, 7.04],  Average best fitness: 7.0584999999999996
Generation: 58:  Best position: [3.0, 1.2696635161963403, 0.2, 50],  Best fitness: [7.09, 7.04, 7.09, 7.09, 7.09, 7.04, 7.06, 7.05, 7.05, 7.06, 7.04, 7.09, 7.05, 7.05, 7.04, 7.09, 7.06, 7.04, 7.05, 7.04],  Average best fitness: 7.0605
Generation: 59:  Best position: [3.0, 1.2695888941664122, 0.2, 50],  Best fitness: [7.09, 7.04, 7.09, 7.06, 7.09, 7.04, 7.06, 7.04, 7.05, 7.05, 7.05, 7.09, 7.05, 7.05, 7.05, 7.09, 7.08, 7.06, 7.05, 7.04],  Average best fitness: 7.061
Generation: 60:  Best position: [3.0, 1.2695443612163517, 0.2, 50],  Best fitness: [7.09, 7.09, 7.09, 7.06, 7.09, 7.05, 7.06, 7.05, 7.04, 7.05, 7.05, 7.09, 7.05, 7.05, 7.05, 7.09, 7.08, 7.05, 7.04, 7.09],  Average best fitness: 7.0655
Generation: 61:  Best position: [3.0, 1.2695078593545575, 0.2, 50],  Best fitness: [7.09, 7.09, 7.09, 7.06, 7.09, 7.05, 7.06, 7.09, 7.04, 7.05, 7.05, 7.09, 7.05, 7.04, 7.05, 7.09, 7.08, 7.05, 7.05, 7.09],  Average best fitness: 7.0675
Generation: 62:  Best position: [3.0, 1.2694791640909775, 0.2, 50],  Best fitness: [7.09, 7.06, 7.09, 7.06, 7.09, 7.09, 7.06, 7.09, 7.04, 7.05, 7.08, 7.09, 7.06, 7.06, 7.05, 7.09, 7.06, 7.06, 7.05, 7.06],  Average best fitness: 7.069000000000001
Generation: 63:  Best position: [3.0, 1.269453851304513, 0.2, 50],  Best fitness: [7.09, 7.08, 7.09, 7.06, 7.09, 7.04, 7.06, 7.04, 7.04, 7.05, 7.06, 7.09, 7.06, 7.05, 7.04, 7.09, 7.06, 7.06, 7.05, 7.06],  Average best fitness: 7.063000000000001
Generation: 64:  Best position: [3.0, 1.269429122310341, 0.2, 50],  Best fitness: [7.09, 7.06, 7.09, 7.06, 7.09, 7.04, 7.09, 7.04, 7.05, 7.06, 7.09, 7.09, 7.06, 7.06, 7.06, 7.09, 7.06, 7.06, 7.05, 7.06],  Average best fitness: 7.067500000000001
Generation: 65:  Best position: [3.0, 1.2694070889337294, 0.2, 50],  Best fitness: [7.09, 7.06, 7.09, 7.06, 7.09, 7.04, 7.09, 7.04, 7.05, 7.06, 7.09, 7.09, 7.06, 7.06, 7.05, 7.09, 7.09, 7.09, 7.04, 7.08],  Average best fitness: 7.0705
Generation: 66:  Best position: [3.0, 1.2693880358583156, 0.2, 50],  Best fitness: [7.09, 7.06, 7.09, 7.09, 7.09, 7.04, 7.09, 7.04, 7.05, 7.06, 7.09, 7.09, 7.09, 7.09, 7.05, 7.09, 7.09, 7.09, 7.04, 7.06],  Average best fitness: 7.074
Generation: 67:  Best position: [3.0, 1.2693775277806048, 0.2, 50],  Best fitness: [7.09, 7.06, 7.09, 7.09, 7.09, 7.05, 7.09, 7.04, 7.04, 7.09, 7.09, 7.09, 7.09, 7.09, 7.05, 7.09, 7.09, 7.09, 7.06, 7.06],  Average best fitness: 7.0765
Generation: 68:  Best position: [3.0, 1.2693672673808218, 0.2, 50],  Best fitness: [7.09, 7.06, 7.09, 7.09, 7.09, 7.05, 7.09, 7.04, 7.05, 7.09, 7.09, 7.09, 7.09, 7.09, 7.06, 7.09, 7.09, 7.09, 7.05, 7.06],  Average best fitness: 7.077000000000001
Generation: 69:  Best position: [3.0, 1.2693584380943408, 0.2, 50],  Best fitness: [7.09, 7.09, 7.09, 7.09, 7.09, 7.04, 7.09, 7.04, 7.05, 7.09, 7.09, 7.09, 7.09, 7.08, 7.06, 7.09, 7.09, 7.09, 7.06, 7.09],  Average best fitness: 7.0795
Generation: 70:  Best position: [3.0, 1.2693504716828525, 0.2, 50],  Best fitness: [7.09, 7.09, 7.09, 7.09, 7.09, 7.04, 7.09, 7.04, 7.06, 7.09, 7.09, 7.09, 7.09, 7.04, 7.09, 7.09, 7.09, 7.09, 7.06, 7.09],  Average best fitness: 7.0795
Generation: 71:  Best position: [3.0, 1.2693441406136878, 0.2, 50],  Best fitness: [7.09, 7.09, 7.09, 7.09, 7.09, 7.04, 7.09, 7.04, 7.06, 7.09, 7.08, 7.09, 7.09, 7.03, 7.09, 7.09, 7.09, 7.08, 7.09, 7.09],  Average best fitness: 7.0795
Generation: 72:  Best position: [3.0, 1.2693394801273405, 0.2, 50],  Best fitness: [7.09, 7.09, 7.09, 7.09, 7.09, 7.04, 7.09, 7.03, 7.09, 7.08, 7.08, 7.09, 7.09, 7.03, 7.09, 7.09, 7.09, 7.08, 7.09, 7.09],  Average best fitness: 7.08
Generation: 73:  Best position: [3.0, 1.2693364325558059, 0.2, 50],  Best fitness: [7.09, 7.09, 7.09, 7.09, 7.09, 7.04, 7.09, 7.03, 7.09, 7.08, 7.08, 7.09, 7.08, 7.03, 7.09, 7.09, 7.09, 7.06, 7.09, 7.08],  Average best fitness: 7.078000000000001
Generation: 74:  Best position: [3.0, 1.2693347752583333, 0.2, 50],  Best fitness: [7.09, 7.09, 7.09, 7.09, 7.09, 7.04, 7.09, 7.03, 7.09, 7.04, 7.08, 7.09, 7.08, 7.03, 7.08, 7.09, 7.09, 7.04, 7.09, 7.04],  Average best fitness: 7.0725
Generation: 75:  Best position: [3.0, 1.2693337058897987, 0.2, 50],  Best fitness: [7.09, 7.09, 7.09, 7.09, 7.09, 7.09, 7.08, 7.04, 7.09, 7.04, 7.08, 7.09, 7.08, 7.04, 7.08, 7.09, 7.09, 7.04, 7.08, 7.04],  Average best fitness: 7.075
Generation: 76:  Best position: [3.0, 1.2693328598311135, 0.2, 50],  Best fitness: [7.09, 7.09, 7.09, 7.09, 7.09, 7.09, 7.08, 7.04, 7.09, 7.04, 7.08, 7.09, 7.04, 7.04, 7.04, 7.09, 7.09, 7.04, 7.04, 7.04],  Average best fitness: 7.069
Generation: 77:  Best position: [3.0, 1.2693320647779642, 0.2, 50],  Best fitness: [7.09, 7.09, 7.09, 7.08, 7.08, 7.09, 7.08, 7.04, 7.09, 7.04, 7.08, 7.08, 7.04, 7.04, 7.04, 7.09, 7.09, 7.05, 7.04, 7.04],  Average best fitness: 7.068
Generation: 78:  Best position: [3.0, 1.2693313437418126, 0.2, 50],  Best fitness: [7.09, 7.09, 7.09, 7.08, 7.08, 7.09, 7.08, 7.08, 7.08, 7.04, 7.08, 7.08, 7.04, 7.04, 7.04, 7.09, 7.09, 7.04, 7.04, 7.04],  Average best fitness: 7.069
Generation: 79:  Best position: [3.0, 1.2693308536813357, 0.2, 50],  Best fitness: [7.09, 7.09, 7.08, 7.08, 7.08, 7.09, 7.08, 7.08, 7.08, 7.04, 7.08, 7.08, 7.04, 7.04, 7.04, 7.09, 7.09, 7.08, 7.04, 7.04],  Average best fitness: 7.0705
Generation: 80:  Best position: [3.0, 1.2696343151638148, 0.2, 50],  Best fitness: [7.08, 7.08, 7.08, 7.08, 7.08, 7.09, 7.08, 7.08, 7.04, 7.04, 7.08, 7.08, 7.08, 7.08, 7.04, 7.09, 7.09, 7.08, 7.05, 7.06],  Average best fitness: 7.073
Generation: 81:  Best position: [3.0, 1.2693485744099957, 0.2, 50],  Best fitness: [7.09, 7.08, 7.08, 7.08, 7.08, 7.09, 7.08, 7.09, 7.04, 7.04, 7.09, 7.08, 7.08, 7.08, 7.08, 7.09, 7.09, 7.08, 7.08, 7.08],  Average best fitness: 7.079000000000001
Generation: 82:  Best position: [3.0, 1.2693640981311933, 0.2, 50],  Best fitness: [7.09, 7.08, 7.08, 7.08, 7.09, 7.09, 7.08, 7.09, 7.04, 7.04, 7.09, 7.09, 7.08, 7.08, 7.08, 7.09, 7.09, 7.08, 7.08, 7.08],  Average best fitness: 7.080000000000001
Generation: 83:  Best position: [3.0, 1.269372307413462, 0.2, 50],  Best fitness: [7.09, 7.08, 7.09, 7.09, 7.09, 7.09, 7.09, 7.09, 7.04, 7.08, 7.09, 7.09, 7.09, 7.08, 7.08, 7.09, 7.09, 7.09, 7.08, 7.08],  Average best fitness: 7.084500000000001
Generation: 84:  Best position: [3.0, 1.2693770991798619, 0.2, 50],  Best fitness: [7.09, 7.08, 7.09, 7.09, 7.09, 7.09, 7.09, 7.09, 7.04, 7.08, 7.09, 7.09, 7.09, 7.09, 7.09, 7.09, 7.09, 7.09, 7.08, 7.08],  Average best fitness: 7.0855000000000015
Generation: 85:  Best position: [3.0, 1.2693816863298688, 0.2, 50],  Best fitness: [7.09, 7.09, 7.09, 7.09, 7.09, 7.09, 7.09, 7.09, 7.08, 7.08, 7.09, 7.09, 7.09, 7.09, 7.09, 7.09, 7.09, 7.09, 7.08, 7.09],  Average best fitness: 7.088500000000001
Generation: 86:  Best position: [3.0, 1.2693850794787345, 0.2, 50],  Best fitness: [7.09, 7.09, 7.09, 7.09, 7.09, 7.09, 7.09, 7.09, 7.08, 7.08, 7.09, 7.09, 7.09, 7.09, 7.09, 7.09, 7.09, 7.09, 7.09, 7.09],  Average best fitness: 7.089
Generation: 87:  Best position: [3.0, 1.2693882576479678, 0.2, 50],  Best fitness: [7.09, 7.09, 7.09, 7.09, 7.09, 7.09, 7.09, 7.09, 7.08, 7.08, 7.09, 7.09, 7.09, 7.09, 7.09, 7.09, 7.09, 7.09, 7.09, 7.09],  Average best fitness: 7.089
Generation: 88:  Best position: [3.0, 1.2693907563695996, 0.2, 50],  Best fitness: [7.09, 7.09, 7.09, 7.09, 7.09, 7.09, 7.09, 7.09, 7.08, 7.08, 7.09, 7.09, 7.09, 7.09, 7.09, 7.09, 7.09, 7.09, 7.09, 7.09],  Average best fitness: 7.089
Generation: 89:  Best position: [3.0, 1.269393113398672, 0.2, 50],  Best fitness: [7.09, 7.09, 7.09, 7.09, 7.09, 7.09, 7.09, 7.09, 7.08, 7.08, 7.09, 7.09, 7.09, 7.09, 7.09, 7.09, 7.09, 7.09, 7.09, 7.09],  Average best fitness: 7.089
Generation: 90:  Best position: [3.0, 1.2693943234486507, 0.2, 50],  Best fitness: [7.09, 7.09, 7.09, 7.09, 7.09, 7.09, 7.09, 7.09, 7.09, 7.09, 7.09, 7.09, 7.09, 7.09, 7.09, 7.09, 7.09, 7.09, 7.09, 7.09],  Average best fitness: 7.090000000000001
Generation: 91:  Best position: [3.0, 1.26939517243722, 0.2, 50],  Best fitness: [7.09, 7.09, 7.09, 7.09, 7.09, 7.09, 7.09, 7.09, 7.09, 7.09, 7.09, 7.09, 7.09, 7.09, 7.09, 7.09, 7.09, 7.09, 7.09, 7.09],  Average best fitness: 7.090000000000001
Generation: 92:  Best position: [3.0, 1.269395724440671, 0.2, 50],  Best fitness: [7.09, 7.09, 7.09, 7.09, 7.09, 7.09, 7.09, 7.09, 7.09, 7.09, 7.09, 7.09, 7.09, 7.09, 7.09, 7.09, 7.09, 7.09, 7.09, 7.09],  Average best fitness: 7.090000000000001
Generation: 93:  Best position: [3.0, 1.2693961040342576, 0.2, 50],  Best fitness: [7.09, 7.09, 7.09, 7.09, 7.09, 7.09, 7.09, 7.09, 7.09, 7.09, 7.09, 7.09, 7.09, 7.09, 7.09, 7.09, 7.09, 7.09, 7.09, 7.09],  Average best fitness: 7.090000000000001
Generation: 94:  Best position: [3.0, 1.2693963061304447, 0.2, 50],  Best fitness: [7.09, 7.09, 7.09, 7.09, 7.09, 7.09, 7.09, 7.09, 7.09, 7.09, 7.09, 7.09, 7.09, 7.09, 7.09, 7.09, 7.09, 7.09, 7.09, 7.09],  Average best fitness: 7.090000000000001
Generation: 95:  Best position: [3.0, 1.2693964082833138, 0.2, 50],  Best fitness: [7.09, 7.09, 7.09, 7.09, 7.09, 7.09, 7.09, 7.09, 7.09, 7.09, 7.09, 7.09, 7.09, 7.09, 7.09, 7.09, 7.09, 7.09, 7.09, 7.09],  Average best fitness: 7.090000000000001
Generation: 96:  Best position: [3.0, 1.2693964714567352, 0.2, 50],  Best fitness: [7.09, 7.09, 7.09, 7.09, 7.09, 7.09, 7.09, 7.09, 7.09, 7.09, 7.09, 7.09, 7.09, 7.09, 7.09, 7.09, 7.09, 7.09, 7.09, 7.09],  Average best fitness: 7.090000000000001
Generation: 97:  Best position: [3.0, 1.2693965223404857, 0.2, 50],  Best fitness: [7.09, 7.09, 7.09, 7.09, 7.09, 7.09, 7.09, 7.09, 7.09, 7.09, 7.09, 7.09, 7.09, 7.09, 7.09, 7.09, 7.09, 7.09, 7.09, 7.09],  Average best fitness: 7.090000000000001
Generation: 98:  Best position: [3.0, 1.2693965574389496, 0.2, 50],  Best fitness: [7.09, 7.09, 7.09, 7.09, 7.09, 7.09, 7.09, 7.09, 7.09, 7.09, 7.09, 7.09, 7.09, 7.09, 7.09, 7.09, 7.09, 7.09, 7.09, 7.09],  Average best fitness: 7.090000000000001
Generation: 99:  Best position: [3.0, 1.2693965785937396, 0.2, 50],  Best fitness: [7.09, 7.09, 7.09, 7.09, 7.09, 7.09, 7.09, 7.09, 7.09, 7.09, 7.09, 7.09, 7.09, 7.09, 7.09, 7.09, 7.09, 7.09, 7.09, 7.09],  Average best fitness: 7.090000000000001

Number of generations: 99
 Global best position: [3.0, 1.2693965785937396, 0.2, 50]
 Best fitness value: [7.09, 7.09, 7.09, 7.09, 7.09, 7.09, 7.09, 7.09, 7.09, 7.09, 7.09, 7.09, 7.09, 7.09, 7.09, 7.09, 7.09, 7.09, 7.09, 7.09]
 Average particle best fitness value: 7.090000000000001