Generation: 0:  Best position: [2.8315606632361847, 3.0046893908290087, 2.3989444654676495, 37.587645121432466],  Best fitness: [4.27, 6.27, 4.41, 5.0, 6.46, 5.96, 3.52, 6.21, 5.79, 6.11, 6.15, 6.29, 6.41, 3.75, 4.01, 6.6, 6.57, 6.34, 5.03, 5.65, 5.69, 5.88, 6.39, 6.02, 5.43, 6.49, 6.7, 6.45, 6.43, 4.23],  Average best fitness: 5.683666666666666
Generation: 1:  Best position: [2.770477477625001, 3.112528142875971, 2.244255279161854, 36.228252603950935],  Best fitness: [4.59, 6.37, 4.97, 5.38, 6.61, 6.24, 3.29, 6.25, 5.76, 6.14, 6.19, 6.5, 6.49, 4.36, 4.65, 6.58, 6.57, 6.37, 5.7, 5.84, 5.99, 6.11, 6.5, 6.24, 5.6, 6.56, 6.66, 6.51, 6.6, 4.65],  Average best fitness: 5.875666666666666
Generation: 2:  Best position: [2.131186057971568, 4.2411593398241285, 0.6252914263604332, 22.000966262029955],  Best fitness: [5.04, 6.2, 5.38, 5.29, 6.63, 6.34, 3.67, 6.38, 6.02, 6.17, 6.43, 6.45, 6.52, 4.84, 5.35, 6.72, 6.56, 6.51, 5.75, 6.1, 5.14, 6.19, 6.58, 6.32, 5.82, 6.56, 6.67, 6.51, 6.7, 5.04],  Average best fitness: 5.995999999999999
Generation: 3:  Best position: [2.132034836719932, 4.418058883844351, 1.2008426160373054, 27.488752445259525],  Best fitness: [5.72, 6.42, 5.79, 5.57, 6.64, 6.47, 4.25, 6.51, 6.04, 6.37, 6.37, 6.49, 6.58, 5.71, 5.57, 6.64, 6.51, 6.5, 5.94, 6.13, 6.0, 6.47, 6.53, 6.4, 6.07, 6.54, 6.64, 6.68, 6.67, 5.29],  Average best fitness: 6.1836666666666655
Generation: 4:  Best position: [2.5033796805982544, 2.938043773217239, 1.4809265868228858, 31.50762377043855],  Best fitness: [5.84, 6.48, 6.01, 5.82, 6.7, 6.5, 5.02, 6.52, 6.31, 6.35, 6.31, 6.61, 6.57, 5.79, 5.99, 6.67, 6.53, 6.35, 6.24, 6.18, 6.16, 6.57, 6.56, 6.49, 6.1, 6.62, 6.58, 6.62, 6.64, 5.77],  Average best fitness: 6.296666666666667
Generation: 5:  Best position: [2.5195932989663374, 3.828983175096444, 2.0336416786912452, 28.784124465260664],  Best fitness: [6.19, 6.46, 6.28, 5.81, 6.63, 6.53, 5.74, 6.45, 6.38, 6.27, 6.64, 6.49, 6.69, 6.07, 6.13, 6.72, 6.63, 6.6, 6.37, 6.32, 6.27, 6.5, 6.68, 6.6, 6.25, 6.64, 6.66, 6.68, 6.74, 6.14],  Average best fitness: 6.418666666666666
Generation: 6:  Best position: [2.3432233498916273, 3.932329072303154, 1.4564525073057943, 29.248639229885555],  Best fitness: [6.33, 6.68, 6.31, 5.97, 6.71, 6.58, 6.14, 6.57, 6.56, 6.36, 6.67, 6.58, 6.61, 6.2, 6.43, 6.69, 6.69, 6.5, 6.45, 6.34, 6.46, 6.64, 6.65, 6.56, 6.3, 6.57, 6.64, 6.73, 6.7, 6.37],  Average best fitness: 6.499666666666666
Generation: 7:  Best position: [2.359697186070353, 4.05588006067389, 1.4260132897724151, 27.82176226801524],  Best fitness: [6.6, 6.69, 6.47, 5.96, 6.74, 6.63, 6.42, 6.62, 6.59, 6.38, 6.68, 6.56, 6.71, 6.36, 6.48, 6.65, 6.58, 6.61, 6.48, 6.52, 6.36, 6.71, 6.7, 6.71, 6.41, 6.59, 6.66, 6.56, 6.58, 6.49],  Average best fitness: 6.550000000000001
Generation: 8:  Best position: [2.2973819735425813, 3.4894381611886485, 1.2945830837410086, 26.135923880325556],  Best fitness: [6.58, 6.66, 6.6, 6.1, 6.71, 6.64, 6.5, 6.64, 6.55, 6.42, 6.7, 6.67, 6.62, 6.37, 6.56, 6.57, 6.55, 6.67, 6.58, 6.73, 6.44, 6.73, 6.71, 6.7, 6.53, 6.74, 6.56, 6.54, 6.67, 6.63],  Average best fitness: 6.5889999999999995
Generation: 9:  Best position: [2.4854912543134504, 3.8510178731925384, 1.3788060898487333, 29.418062504859744],  Best fitness: [6.64, 6.71, 6.63, 6.21, 6.52, 6.63, 6.68, 6.61, 6.73, 6.51, 6.71, 6.67, 6.65, 6.43, 6.64, 6.73, 6.7, 6.72, 6.71, 6.76, 6.53, 6.62, 6.68, 6.69, 6.62, 6.64, 6.67, 6.58, 6.74, 6.77],  Average best fitness: 6.637666666666666
Generation: 10:  Best position: [2.6322470957168123, 3.9258574206995243, 1.1833101910285293, 30.023083289127328],  Best fitness: [6.71, 6.66, 6.59, 6.43, 6.75, 6.58, 6.72, 6.54, 6.55, 6.55, 6.68, 6.65, 6.58, 6.66, 6.66, 6.76, 6.71, 6.7, 6.73, 6.89, 6.55, 6.69, 6.69, 6.56, 6.67, 6.71, 6.6, 6.64, 6.71, 6.91],  Average best fitness: 6.661
Generation: 11:  Best position: [2.476119248051962, 4.576046554125244, 0.8173977286979356, 24.617536070501515],  Best fitness: [6.81, 6.71, 6.63, 6.53, 6.69, 6.67, 6.45, 6.63, 6.75, 6.64, 6.65, 6.63, 6.66, 6.68, 6.7, 6.67, 6.69, 6.55, 6.64, 6.85, 6.65, 6.74, 6.75, 6.68, 6.82, 6.66, 6.75, 6.66, 6.71, 6.82],  Average best fitness: 6.682333333333333
Generation: 12:  Best position: [2.491671304322207, 4.701535018079176, 0.7133141043650386, 24.08209748550211],  Best fitness: [6.74, 6.7, 6.66, 6.7, 6.69, 6.78, 6.78, 6.57, 6.62, 6.73, 6.74, 6.62, 6.66, 6.72, 6.59, 6.64, 6.7, 6.67, 6.65, 6.96, 6.73, 6.8, 6.68, 6.75, 6.83, 6.7, 6.61, 6.67, 6.65, 6.87],  Average best fitness: 6.707
Generation: 13:  Best position: [2.830794402064562, 4.089421070331683, 0.8700257814289193, 30.438804969642618],  Best fitness: [6.78, 6.66, 6.65, 6.71, 6.66, 6.78, 6.75, 6.77, 6.82, 6.6, 6.81, 6.81, 6.74, 6.65, 6.8, 6.8, 6.65, 6.63, 6.66, 6.8, 6.76, 6.81, 6.63, 6.74, 6.79, 6.83, 6.75, 6.63, 6.75, 6.9],  Average best fitness: 6.737333333333334
Generation: 14:  Best position: [2.587485608972685, 4.1672503918104855, 1.0660606321523787, 26.99270138168302],  Best fitness: [6.86, 6.77, 6.78, 6.72, 6.77, 6.79, 6.77, 6.73, 6.83, 6.69, 6.79, 6.76, 6.75, 6.81, 6.83, 6.83, 6.76, 6.78, 6.63, 6.85, 6.86, 6.74, 6.63, 6.77, 6.88, 6.81, 6.8, 6.72, 6.68, 6.85],  Average best fitness: 6.774666666666667
Generation: 15:  Best position: [2.8610451574369935, 4.147406619891129, 0.7973925276367207, 30.256479570968256],  Best fitness: [6.82, 6.83, 6.78, 6.82, 6.87, 6.9, 6.81, 6.71, 6.94, 6.82, 6.89, 6.82, 6.75, 6.72, 6.8, 6.82, 6.75, 6.77, 6.76, 6.85, 6.89, 6.77, 6.8, 6.77, 6.81, 6.75, 6.74, 6.76, 6.8, 7.06],  Average best fitness: 6.812666666666669
Generation: 16:  Best position: [2.8705563831763232, 4.172684939956709, 0.7695294759300558, 30.135542012843537],  Best fitness: [6.79, 6.77, 6.78, 6.74, 6.87, 6.86, 6.76, 6.88, 6.72, 6.78, 6.81, 6.82, 6.66, 6.65, 6.94, 6.9, 6.79, 6.94, 6.81, 6.81, 6.84, 6.96, 6.75, 6.83, 6.73, 6.82, 6.81, 6.89, 6.74, 7.0],  Average best fitness: 6.8149999999999995
Generation: 17:  Best position: [2.875348095449573, 4.18542004264747, 0.7554921971931072, 30.074614221048336],  Best fitness: [6.87, 6.71, 6.82, 6.87, 6.84, 6.81, 6.56, 6.91, 6.84, 6.72, 6.77, 6.88, 6.81, 6.76, 6.67, 6.79, 6.88, 6.86, 6.84, 6.92, 6.99, 6.75, 6.77, 6.75, 6.83, 6.74, 6.95, 6.72, 6.8, 7.01],  Average best fitness: 6.814666666666667
Generation: 18:  Best position: [2.7361246635644934, 4.098025000146419, 0.8806527293665938, 28.39876646051951],  Best fitness: [6.79, 6.71, 6.79, 6.85, 6.77, 6.87, 6.96, 6.83, 6.89, 6.86, 6.82, 6.79, 6.81, 6.87, 6.87, 6.78, 6.82, 6.76, 6.82, 6.73, 6.92, 6.76, 6.83, 6.78, 6.83, 6.86, 6.87, 6.84, 6.88, 6.93],  Average best fitness: 6.829666666666668
Generation: 19:  Best position: [2.841034809341611, 4.357300975385204, 0.8036326297036194, 30.10112971379914],  Best fitness: [6.89, 6.81, 6.77, 6.87, 6.85, 6.97, 6.9, 6.71, 7.02, 6.8, 6.83, 6.74, 6.81, 6.93, 6.84, 6.84, 6.75, 6.89, 6.84, 6.94, 6.99, 6.83, 6.75, 6.98, 6.96, 6.78, 6.76, 6.87, 6.77, 6.92],  Average best fitness: 6.853666666666667
Generation: 20:  Best position: [2.8103937539306134, 4.4910974617896215, 0.7137241873318437, 28.520768687386948],  Best fitness: [6.85, 6.81, 6.84, 6.89, 6.85, 6.95, 6.88, 6.85, 6.88, 6.89, 6.92, 6.84, 6.81, 6.8, 6.92, 6.87, 6.87, 6.91, 6.75, 6.99, 6.92, 6.84, 6.87, 7.02, 6.83, 6.9, 6.84, 6.95, 6.86, 6.96],  Average best fitness: 6.878666666666667
Generation: 21:  Best position: [2.8321374606327234, 4.30901717988959, 0.8148594097545783, 29.574487399205783],  Best fitness: [6.95, 6.64, 6.94, 6.98, 6.94, 7.0, 6.93, 6.84, 6.95, 6.9, 6.94, 6.91, 6.83, 7.03, 6.93, 6.95, 6.81, 6.97, 6.62, 6.92, 6.95, 6.81, 6.9, 6.97, 7.05, 7.07, 6.83, 6.93, 6.8, 6.98],  Average best fitness: 6.909000000000002
Generation: 22:  Best position: [3.0, 4.66742537898067, 0.6524735248583117, 30.55676228094063],  Best fitness: [6.88, 6.83, 6.94, 7.08, 6.86, 6.92, 6.96, 6.91, 6.99, 6.88, 6.95, 6.99, 6.74, 7.01, 6.94, 6.92, 6.88, 6.97, 6.84, 6.93, 7.05, 6.86, 6.94, 6.87, 6.99, 6.9, 6.85, 6.94, 6.86, 7.03],  Average best fitness: 6.923666666666667
Generation: 23:  Best position: [3.0, 4.662036962919729, 0.6400988461104766, 30.62443152630021],  Best fitness: [6.83, 6.96, 7.02, 7.09, 6.9, 7.05, 6.83, 6.94, 6.9, 7.01, 6.91, 6.95, 6.8, 6.89, 6.88, 6.95, 6.95, 7.0, 6.95, 6.98, 6.95, 6.96, 6.94, 6.93, 6.86, 6.95, 6.91, 6.88, 6.9, 6.85],  Average best fitness: 6.930666666666666
Generation: 24:  Best position: [3.0, 4.656784174109225, 0.6280356399057065, 30.69039752647913],  Best fitness: [6.96, 6.92, 6.86, 7.07, 6.9, 7.02, 6.93, 7.04, 7.01, 6.97, 6.86, 6.83, 6.82, 6.75, 6.92, 6.97, 6.94, 6.91, 7.02, 6.99, 6.99, 6.89, 6.92, 7.01, 7.01, 7.03, 6.98, 6.93, 7.0, 6.82],  Average best fitness: 6.942333333333333
Generation: 25:  Best position: [3.0, 4.653367380192628, 0.6201888577368367, 30.733306586074825],  Best fitness: [6.97, 7.04, 6.88, 7.06, 6.89, 7.03, 6.99, 6.91, 7.03, 6.91, 6.99, 6.99, 6.92, 6.9, 7.03, 6.92, 6.93, 6.98, 6.88, 7.05, 6.96, 6.95, 6.97, 7.01, 6.96, 6.82, 7.06, 7.0, 6.92, 6.89],  Average best fitness: 6.961333333333332
Generation: 26:  Best position: [3.0, 4.650901764921183, 0.6145264893237768, 30.764270476553737],  Best fitness: [7.0, 6.84, 6.95, 7.07, 6.98, 6.97, 6.95, 7.01, 6.98, 7.02, 6.97, 6.99, 7.0, 6.88, 6.95, 6.91, 6.96, 6.97, 6.84, 7.06, 7.02, 7.04, 7.03, 7.02, 6.99, 6.98, 6.93, 7.04, 6.99, 6.92],  Average best fitness: 6.9753333333333325
Generation: 27:  Best position: [3.0, 4.649621172242143, 0.611585565157803, 30.780352519815345],  Best fitness: [6.92, 6.93, 6.95, 7.07, 6.99, 6.92, 6.99, 6.97, 7.02, 6.96, 7.01, 6.93, 6.89, 7.06, 7.01, 7.0, 7.0, 7.01, 6.97, 6.93, 7.03, 7.03, 6.94, 7.0, 6.93, 7.01, 6.86, 7.01, 6.85, 6.97],  Average best fitness: 6.971999999999999
Generation: 28:  Best position: [3.0, 4.648656775970927, 0.6093707966791012, 30.79246367960009],  Best fitness: [7.04, 6.94, 7.0, 7.07, 7.07, 7.02, 7.02, 7.01, 6.95, 6.94, 7.07, 7.01, 6.87, 7.01, 7.06, 7.03, 7.02, 7.06, 7.02, 6.85, 7.02, 6.9, 7.06, 7.02, 6.94, 7.03, 7.0, 6.99, 6.86, 6.99],  Average best fitness: 6.995666666666668
Generation: 29:  Best position: [2.95237024531914, 4.5596782863062195, 0.6592375279902134, 30.204286338988563],  Best fitness: [7.01, 6.99, 6.94, 7.07, 6.95, 6.98, 7.07, 7.07, 7.06, 6.96, 7.02, 7.03, 6.97, 7.01, 7.06, 7.08, 7.05, 7.06, 7.0, 6.98, 7.02, 6.86, 7.01, 7.07, 7.0, 7.01, 7.01, 7.0, 7.0, 6.91],  Average best fitness: 7.008333333333332
Generation: 30:  Best position: [2.997197827951732, 4.639840409573665, 0.6105017423329857, 30.759747883816523],  Best fitness: [7.0, 6.94, 7.01, 7.07, 7.02, 7.01, 7.0, 7.02, 7.06, 6.91, 7.02, 7.0, 6.92, 7.06, 7.06, 6.94, 7.06, 7.0, 6.95, 6.96, 7.02, 7.0, 7.0, 7.06, 7.02, 7.0, 6.96, 7.06, 6.94, 7.01],  Average best fitness: 7.002666666666667
Generation: 31:  Best position: [2.958977743964048, 4.537417068822511, 0.674185314158723, 30.549458754113306],  Best fitness: [7.05, 6.99, 7.01, 7.06, 7.0, 7.01, 7.03, 7.01, 7.07, 7.0, 7.02, 7.06, 7.01, 7.03, 7.05, 7.02, 7.04, 7.01, 7.0, 7.08, 7.02, 6.94, 6.93, 7.07, 7.0, 6.97, 7.02, 7.07, 7.01, 7.0],  Average best fitness: 7.019333333333333
Generation: 32:  Best position: [3.0, 4.653361931040658, 0.6037835656549868, 30.73552697298416],  Best fitness: [7.06, 7.07, 7.03, 6.99, 7.07, 7.01, 7.03, 6.98, 7.0, 7.01, 7.02, 7.04, 6.99, 7.04, 7.06, 7.03, 7.02, 7.07, 7.01, 6.95, 7.02, 7.02, 6.94, 7.0, 7.0, 6.97, 7.02, 7.07, 6.99, 7.02],  Average best fitness: 7.017666666666668
Generation: 33:  Best position: [3.0, 4.630464871709194, 0.6265562789808025, 30.81480389990721],  Best fitness: [7.07, 7.05, 7.05, 7.03, 7.06, 7.06, 7.02, 6.98, 6.99, 7.03, 7.04, 7.07, 7.07, 7.02, 7.07, 7.0, 7.02, 7.07, 7.02, 6.98, 7.02, 6.92, 7.04, 7.04, 7.0, 6.99, 7.09, 7.06, 6.95, 7.01],  Average best fitness: 7.027333333333332
Generation: 34:  Best position: [3.0, 4.625421710250295, 0.612424940657655, 30.713804127316433],  Best fitness: [7.06, 7.02, 7.09, 7.03, 7.0, 7.09, 7.01, 6.98, 6.99, 7.02, 7.02, 7.06, 7.06, 7.02, 7.07, 7.07, 7.02, 7.07, 7.02, 7.02, 7.03, 7.0, 7.05, 7.03, 7.06, 6.98, 7.07, 7.07, 7.04, 7.02],  Average best fitness: 7.035666666666666
Generation: 35:  Best position: [3.0, 4.635373144344048, 0.6191913395240917, 30.774652214555438],  Best fitness: [7.07, 7.02, 7.06, 7.03, 7.0, 7.08, 7.01, 6.98, 7.02, 6.99, 7.02, 7.02, 7.01, 7.02, 7.08, 7.06, 7.05, 7.07, 7.06, 7.06, 7.03, 7.02, 7.05, 7.03, 7.06, 6.98, 7.07, 7.08, 7.01, 6.99],  Average best fitness: 7.0343333333333335
Generation: 36:  Best position: [2.99808705214273, 4.644329353366947, 0.6230306083301104, 30.904861849839712],  Best fitness: [7.06, 7.02, 7.07, 7.02, 7.02, 7.08, 7.01, 7.0, 7.03, 7.05, 7.02, 7.02, 7.0, 7.02, 7.09, 7.06, 7.01, 7.06, 7.09, 7.07, 7.03, 6.99, 7.06, 7.03, 7.06, 6.98, 7.06, 7.05, 7.03, 7.03],  Average best fitness: 7.0373333333333346
Generation: 37:  Best position: [3.0, 4.632549259397245, 0.617575225876246, 30.804056995780424],  Best fitness: [7.07, 7.02, 7.07, 7.02, 7.03, 7.08, 7.07, 7.01, 7.03, 7.07, 7.0, 7.02, 7.02, 7.04, 7.06, 7.06, 7.02, 7.07, 7.09, 7.09, 7.03, 7.06, 7.08, 7.03, 7.07, 6.98, 7.06, 7.05, 7.05, 7.07],  Average best fitness: 7.047333333333333
Generation: 38:  Best position: [2.9991415810984905, 4.635652736802968, 0.6206516166536878, 30.776920343324694],  Best fitness: [7.06, 7.02, 7.07, 7.02, 7.0, 7.08, 7.07, 7.01, 7.07, 7.11, 7.07, 7.01, 7.01, 7.01, 7.06, 7.07, 6.76, 7.07, 7.08, 7.09, 6.99, 7.07, 7.08, 7.03, 7.07, 7.01, 7.06, 7.05, 7.07, 7.07],  Average best fitness: 7.041333333333332
Generation: 39:  Best position: [3.0, 4.633465700853607, 0.6177849585176105, 30.88463221671419],  Best fitness: [7.03, 6.76, 7.07, 7.02, 7.0, 7.08, 7.07, 7.03, 7.07, 7.08, 7.07, 7.0, 7.01, 7.07, 7.06, 7.07, 7.01, 7.08, 7.08, 7.08, 7.02, 7.07, 7.07, 7.01, 7.09, 7.09, 7.06, 7.08, 7.07, 7.07],  Average best fitness: 7.0456666666666665
Generation: 40:  Best position: [3.0, 4.626491946021524, 0.6239753578944865, 30.778380518376196],  Best fitness: [7.02, 7.02, 7.07, 7.03, 7.01, 7.08, 7.07, 7.02, 7.03, 7.08, 7.1, 7.01, 7.0, 7.07, 7.06, 7.07, 7.06, 7.09, 7.08, 7.07, 7.03, 7.07, 7.08, 7.07, 7.08, 7.01, 7.06, 7.08, 7.07, 7.06],  Average best fitness: 7.055000000000001
Generation: 41:  Best position: [3.0, 4.63088656937682, 0.6246122036618588, 30.905519197027175],  Best fitness: [7.05, 7.06, 7.07, 7.02, 7.07, 7.08, 7.07, 7.06, 7.02, 7.08, 7.0, 7.01, 7.06, 7.07, 7.06, 7.07, 7.07, 7.09, 7.07, 7.07, 7.03, 7.07, 7.08, 7.07, 7.07, 7.01, 7.07, 7.08, 7.07, 7.06],  Average best fitness: 7.058666666666666
Generation: 42:  Best position: [3.0, 4.628805719269361, 0.6249636177922994, 30.858722738899655],  Best fitness: [7.03, 7.06, 7.07, 7.02, 7.07, 7.08, 7.06, 7.06, 7.02, 7.08, 7.02, 7.07, 7.07, 7.07, 7.06, 7.06, 7.07, 7.09, 7.07, 7.07, 7.05, 7.07, 7.08, 7.07, 7.07, 7.02, 7.07, 7.08, 7.07, 7.07],  Average best fitness: 7.0616666666666665
Generation: 43:  Best position: [3.0, 4.634529453171588, 0.620820697265778, 30.849384846734484],  Best fitness: [7.02, 7.07, 7.06, 7.03, 7.07, 7.08, 7.07, 7.07, 7.06, 7.09, 7.02, 7.07, 7.07, 7.07, 7.06, 7.06, 7.06, 7.07, 7.08, 7.07, 7.07, 7.07, 7.08, 7.07, 7.07, 7.02, 7.08, 7.09, 7.07, 7.07],  Average best fitness: 7.064666666666667
Generation: 44:  Best position: [3.0, 4.62604464855229, 0.6254289857745697, 30.796588658432675],  Best fitness: [7.02, 7.07, 7.07, 7.05, 7.07, 7.09, 7.09, 7.07, 7.09, 7.09, 7.03, 7.06, 7.06, 7.08, 7.06, 7.07, 7.07, 7.1, 7.08, 7.08, 7.07, 7.07, 7.08, 7.06, 7.07, 7.0, 7.08, 7.09, 7.06, 7.07],  Average best fitness: 7.068333333333333
Generation: 45:  Best position: [3.0, 4.632632346557633, 0.6244103651724676, 30.873764374509037],  Best fitness: [7.02, 7.07, 7.07, 7.06, 7.06, 7.09, 7.07, 7.07, 7.08, 7.09, 7.03, 7.07, 7.08, 7.08, 7.07, 7.07, 7.08, 7.09, 7.08, 7.08, 7.09, 7.07, 7.08, 7.07, 7.07, 7.07, 7.09, 7.09, 7.06, 7.08],  Average best fitness: 7.072666666666667
Generation: 46:  Best position: [3.0, 4.631205042149984, 0.6246415026997452, 30.868106452991857],  Best fitness: [7.02, 7.06, 7.08, 7.07, 7.07, 7.09, 7.07, 7.08, 7.09, 7.09, 7.03, 7.06, 7.09, 7.09, 7.09, 7.08, 7.08, 7.09, 7.09, 7.08, 7.08, 7.06, 7.08, 7.07, 7.07, 7.07, 7.09, 7.09, 7.07, 7.08],  Average best fitness: 7.075333333333333
Generation: 47:  Best position: [3.0, 4.626080071949437, 0.6282914293992058, 30.83074848802425],  Best fitness: [7.06, 7.08, 7.09, 7.07, 7.07, 7.09, 7.06, 7.09, 7.07, 7.09, 7.03, 7.07, 7.09, 7.1, 7.07, 7.08, 7.08, 7.09, 7.09, 7.08, 7.08, 7.06, 7.08, 7.08, 7.07, 7.07, 7.09, 7.09, 7.07, 7.09],  Average best fitness: 7.077666666666667
Generation: 48:  Best position: [3.0, 4.62609989794272, 0.6260997864924343, 30.85078733297771],  Best fitness: [7.07, 7.08, 7.09, 7.09, 7.08, 7.09, 7.0, 7.09, 7.09, 7.09, 7.02, 7.07, 7.1, 7.06, 7.07, 7.09, 7.09, 7.09, 7.09, 7.09, 7.08, 7.06, 7.09, 7.09, 7.08, 7.09, 7.09, 7.07, 7.08, 7.09],  Average best fitness: 7.078666666666668
Generation: 49:  Best position: [3.0, 4.631879099290034, 0.6227975594426595, 30.86513312973021],  Best fitness: [7.07, 7.09, 7.09, 7.09, 7.09, 7.07, 7.0, 7.09, 7.09, 7.09, 7.02, 7.08, 7.07, 7.06, 7.09, 7.09, 7.09, 7.09, 7.09, 7.09, 7.08, 7.07, 7.09, 7.09, 7.08, 7.0, 7.09, 7.07, 7.08, 7.09],  Average best fitness: 7.076000000000001

Number of generations: 49
 Global best position: [3.0, 4.631879099290034, 0.6227975594426595, 30.86513312973021]
 Best fitness value: [7.07, 7.09, 7.09, 7.09, 7.09, 7.07, 7.0, 7.09, 7.09, 7.09, 7.02, 7.08, 7.07, 7.06, 7.09, 7.09, 7.09, 7.09, 7.09, 7.09, 7.08, 7.07, 7.09, 7.09, 7.08, 7.0, 7.09, 7.07, 7.08, 7.09]
 Average particle best fitness value: 7.076000000000001